1.000000e+03 2.982332e+01 9.438872e+00 1.276929e+01 9.613187e+00 1.945445e+01 8.007851e+00 5000
1.500000e+03 4.528008e+01 1.283384e+01 1.972591e+01 1.349134e+01 2.922756e+01 1.125896e+01 5000
2.000000e+03 5.879144e+01 1.553258e+01 2.611497e+01 1.726221e+01 3.818132e+01 1.409425e+01 5000
3.000000e+03 8.472556e+01 1.993059e+01 3.946479e+01 2.342502e+01 5.542098e+01 1.916307e+01 5000
4.000000e+03 1.097209e+02 2.420751e+01 5.340934e+01 2.941622e+01 7.269611e+01 2.423939e+01 5000
5.000000e+03 1.326168e+02 2.765552e+01 6.601587e+01 3.539525e+01 8.867855e+01 2.792961e+01 5000
6.000000e+03 1.567213e+02 3.106055e+01 7.998616e+01 4.101861e+01 1.055834e+02 3.266328e+01 5000
8.000000e+03 2.017761e+02 3.607451e+01 1.080190e+02 5.076017e+01 1.390778e+02 3.943177e+01 5000
1.000000e+04 2.447156e+02 4.067309e+01 1.346110e+02 6.088865e+01 1.708711e+02 4.722705e+01 5000
1.500000e+04 3.482476e+02 5.026071e+01 2.064261e+02 8.108754e+01 2.520362e+02 6.181840e+01 5000
2.000000e+04 4.403825e+02 5.779640e+01 2.761176e+02 9.785910e+01 3.280701e+02 7.439786e+01 5000
3.000000e+04 6.078330e+02 6.517864e+01 4.073840e+02 1.219347e+02 4.689564e+02 9.099090e+01 5000
4.000000e+04 7.515267e+02 7.298399e+01 5.263120e+02 1.402404e+02 5.931536e+02 1.055238e+02 5000
5.000000e+04 8.863859e+02 7.582614e+01 6.442903e+02 1.496304e+02 7.125378e+02 1.134068e+02 5000
6.000000e+04 9.993246e+02 8.170830e+01 7.420140e+02 1.655777e+02 8.141668e+02 1.238095e+02 5000
8.000000e+04 1.210363e+03 8.339321e+01 9.312757e+02 1.828717e+02 1.007205e+03 1.359288e+02 5000
1.000000e+05 1.395905e+03 8.604844e+01 1.106752e+03 1.907504e+02 1.181145e+03 1.401761e+02 1000
1.500000e+05 1.780061e+03 9.056574e+01 1.473631e+03 1.951907e+02 1.545552e+03 1.537780e+02 1000
2.000000e+05 2.113190e+03 9.234218e+01 1.793991e+03 2.128754e+02 1.865180e+03 1.691280e+02 1000
3.000000e+05 2.679960e+03 9.618686e+01 2.338470e+03 2.429483e+02 2.406533e+03 1.879384e+02 1000
4.000000e+05 3.184109e+03 9.725720e+01 2.835407e+03 2.393648e+02 2.901689e+03 1.855774e+02 1000
5.000000e+05 3.650698e+03 9.790920e+01 3.296566e+03 2.395885e+02 3.358095e+03 1.895010e+02 1000
6.000000e+05 4.096412e+03 1.041291e+02 3.729285e+03 2.379275e+02 3.787401e+03 2.045479e+02 1000
8.000000e+05 4.956482e+03 1.106095e+02 4.592589e+03 2.547572e+02 4.645157e+03 2.213179e+02 1000
1.000000e+06 5.830816e+03 1.111891e+02 5.442558e+03 2.976153e+02 5.494887e+03 2.380298e+02 1000
1.500000e+06 8.243832e+03 1.220755e+02 7.860933e+03 2.937216e+02 7.897965e+03 2.554905e+02 1000
2.000000e+06 1.108951e+04 1.344101e+02 1.070401e+04 2.973293e+02 1.073310e+04 2.686354e+02 1000
3.000000e+06 1.820095e+04 1.722762e+02 1.781530e+04 3.019220e+02 1.783391e+04 2.868098e+02 1000
4.000000e+06 2.719825e+04 2.452759e+02 2.680467e+04 3.779058e+02 2.682024e+04 3.674519e+02 1000
5.000000e+06 3.800840e+04 3.214621e+02 3.752180e+04 2.027457e+03 3.759308e+04 7.765388e+02 1000
6.000000e+06 5.059749e+04 4.081328e+02 5.016598e+04 1.003351e+03 5.018423e+04 8.722065e+02 1000
8.000000e+06 8.082844e+04 6.303887e+02 8.042856e+04 6.753060e+02 8.043978e+04 6.735304e+02 1000
1.000000e+07 1.173312e+05 8.481826e+02 1.169070e+05 9.112828e+02 1.169194e+05 9.137434e+02 100
1.500000e+07 2.355012e+05 1.648899e+03 2.350487e+05 1.703458e+03 2.350656e+05 1.700075e+03 100
2.000000e+07 3.897962e+05 2.665315e+03 3.893998e+05 2.670159e+03 3.894195e+05 2.671878e+03 100
3.000000e+07 7.999513e+05 5.225967e+03 7.994503e+05 5.209317e+03 7.994865e+05 5.209666e+03 100
4.000000e+07 1.336887e+06 9.116679e+03 1.336380e+06 9.082079e+03 1.336438e+06 9.094036e+03 100
5.000000e+07 1.997087e+06 1.483987e+04 1.996507e+06 1.483919e+04 1.996593e+06 1.482700e+04 100
6.000000e+07 2.772238e+06 1.857075e+04 2.771544e+06 1.851262e+04 2.771684e+06 1.853699e+04 100
8.000000e+07 4.683577e+06 3.028068e+04 4.682803e+06 3.023936e+04 4.683016e+06 3.024476e+04 100
1.000000e+08 7.002051e+06 5.742927e+04 7.000743e+06 5.780434e+04 7.001045e+06 5.757594e+04 10
1.500000e+08 1.473364e+07 1.133928e+05 1.473208e+07 1.140520e+05 1.473272e+07 1.135300e+05 10
2.000000e+08 2.503806e+07 1.409355e+05 2.503568e+07 1.408887e+05 2.503663e+07 1.407992e+05 10
3.000000e+08 5.291958e+07 2.631526e+05 5.291631e+07 2.631074e+05 5.291750e+07 2.629611e+05 10
4.000000e+08 8.405557e+07 4.891697e+05 8.404501e+07 4.942443e+05 8.405173e+07 4.897944e+05 10
5.000000e+08 1.215111e+08 7.408908e+05 1.214880e+08 7.472774e+05 1.215025e+08 7.419014e+05 10
6.000000e+08 1.651225e+08 1.151303e+06 1.650853e+08 1.154722e+06 1.651059e+08 1.152546e+06 10
8.000000e+08 1.651530e+08 1.161657e+06 1.651133e+08 1.162816e+06 1.651352e+08 1.161232e+06 10
1.000000e+09 1.651260e+08 1.232738e+06 1.650872e+08 1.236033e+06 1.651092e+08 1.233523e+06 10
