1.000000e+03 2.982332e+01 9.438872e+00 1.276929e+01 9.613187e+00 1.945445e+01 8.007851e+00 5000
1.500000e+03 4.528008e+01 1.283384e+01 1.972591e+01 1.349134e+01 2.922756e+01 1.125896e+01 5000
2.000000e+03 5.879144e+01 1.553258e+01 2.611497e+01 1.726221e+01 3.818132e+01 1.409425e+01 5000
3.000000e+03 8.472556e+01 1.993059e+01 3.946479e+01 2.342502e+01 5.542098e+01 1.916307e+01 5000
4.000000e+03 1.097209e+02 2.420751e+01 5.340934e+01 2.941622e+01 7.269611e+01 2.423939e+01 5000
5.000000e+03 1.326168e+02 2.765552e+01 6.601587e+01 3.539525e+01 8.867855e+01 2.792961e+01 5000
6.000000e+03 1.567213e+02 3.106055e+01 7.998616e+01 4.101861e+01 1.055834e+02 3.266328e+01 5000
8.000000e+03 2.017761e+02 3.607451e+01 1.080190e+02 5.076017e+01 1.390778e+02 3.943177e+01 5000
1.000000e+04 2.447156e+02 4.067309e+01 1.346110e+02 6.088865e+01 1.708711e+02 4.722705e+01 5000
1.500000e+04 3.484943e+02 5.041911e+01 2.065347e+02 8.138817e+01 2.524584e+02 6.195676e+01 5000
2.000000e+04 4.403241e+02 5.720965e+01 2.754574e+02 9.640545e+01 3.275369e+02 7.303891e+01 5000
3.000000e+04 6.060397e+02 6.623843e+01 4.052022e+02 1.206494e+02 4.671851e+02 9.059079e+01 5000
4.000000e+04 7.536373e+02 7.163675e+01 5.282633e+02 1.388468e+02 5.952566e+02 1.037498e+02 5000
5.000000e+04 8.834388e+02 7.553148e+01 6.389953e+02 1.514540e+02 7.090649e+02 1.136952e+02 5000
6.000000e+04 9.995289e+02 8.142444e+01 7.418122e+02 1.629751e+02 8.136972e+02 1.234929e+02 5000
8.000000e+04 1.210105e+03 8.393779e+01 9.337016e+02 1.781207e+02 1.007873e+03 1.359834e+02 5000
1.000000e+05 1.391187e+03 9.068153e+01 1.105390e+03 1.815977e+02 1.177171e+03 1.413229e+02 1000
1.500000e+05 1.780095e+03 8.987610e+01 1.471127e+03 2.051677e+02 1.543009e+03 1.586184e+02 1000
2.000000e+05 2.105954e+03 9.520411e+01 1.779792e+03 2.298278e+02 1.853666e+03 1.704833e+02 1000
3.000000e+05 2.678105e+03 9.235297e+01 2.327955e+03 2.398799e+02 2.396772e+03 1.881263e+02 1000
4.000000e+05 3.185404e+03 9.782046e+01 2.838370e+03 2.345757e+02 2.900276e+03 1.922730e+02 1000
5.000000e+05 3.654074e+03 9.460406e+01 3.310596e+03 2.257744e+02 3.367824e+03 1.880052e+02 1000
6.000000e+05 4.094529e+03 1.096207e+02 3.731366e+03 2.589050e+02 3.788358e+03 2.143605e+02 1000
8.000000e+05 4.952533e+03 1.080883e+02 4.583295e+03 2.604328e+02 4.638837e+03 2.154482e+02 1000
1.000000e+06 5.824547e+03 1.149433e+02 5.438301e+03 2.951442e+02 5.489411e+03 2.532764e+02 1000
1.500000e+06 8.234625e+03 1.311190e+02 7.850432e+03 2.947115e+02 7.888228e+03 2.626492e+02 1000
2.000000e+06 1.108929e+04 1.383541e+02 1.070081e+04 3.095734e+02 1.072844e+04 2.884564e+02 1000
3.000000e+06 1.820675e+04 1.746193e+02 1.782244e+04 3.929354e+02 1.784494e+04 3.105475e+02 1000
4.000000e+06 2.719731e+04 2.383802e+02 2.678547e+04 6.510042e+02 2.681097e+04 4.149794e+02 1000
5.000000e+06 3.801872e+04 3.185175e+02 3.753175e+04 1.987474e+03 3.759905e+04 7.304199e+02 1000
6.000000e+06 5.059001e+04 4.054525e+02 5.015585e+04 1.013148e+03 5.017522e+04 8.731796e+02 1000
8.000000e+06 8.083517e+04 6.154746e+02 8.043894e+04 7.185679e+02 8.045004e+04 7.104105e+02 1000
1.000000e+07 1.172946e+05 1.003801e+03 1.168428e+05 1.124984e+03 1.168551e+05 1.126336e+03 100
1.500000e+07 2.356149e+05 1.566107e+03 2.351586e+05 1.662820e+03 2.351747e+05 1.658939e+03 100
2.000000e+07 3.897435e+05 2.451340e+03 3.893648e+05 2.445330e+03 3.893842e+05 2.443241e+03 100
3.000000e+07 8.000047e+05 5.042317e+03 7.995264e+05 5.046304e+03 7.995638e+05 5.045068e+03 100
4.000000e+07 1.337225e+06 8.651123e+03 1.336674e+06 8.600104e+03 1.336740e+06 8.614013e+03 100
5.000000e+07 1.997061e+06 1.416669e+04 1.996469e+06 1.419536e+04 1.996560e+06 1.418878e+04 100
6.000000e+07 2.772416e+06 1.823464e+04 2.771796e+06 1.818585e+04 2.771921e+06 1.820494e+04 100
8.000000e+07 4.684119e+06 3.072638e+04 4.683320e+06 3.074205e+04 4.683519e+06 3.073609e+04 100
1.000000e+08 6.999227e+06 6.011545e+04 6.998271e+06 6.041056e+04 6.998579e+06 6.024539e+04 10
1.500000e+08 1.472616e+07 1.251953e+05 1.472445e+07 1.259235e+05 1.472514e+07 1.253351e+05 10
2.000000e+08 2.502940e+07 1.450856e+05 2.502703e+07 1.448776e+05 2.502810e+07 1.448494e+05 10
3.000000e+08 5.291799e+07 2.348235e+05 5.291506e+07 2.349150e+05 5.291597e+07 2.347761e+05 10
4.000000e+08 8.408525e+07 4.518783e+05 8.407442e+07 4.577617e+05 8.408130e+07 4.526626e+05 10
5.000000e+08 1.215308e+08 7.509020e+05 1.215083e+08 7.579124e+05 1.215223e+08 7.520922e+05 10
6.000000e+08 1.651833e+08 1.198035e+06 1.651465e+08 1.202093e+06 1.651668e+08 1.199459e+06 10
8.000000e+08 1.651770e+08 1.151266e+06 1.651374e+08 1.154364e+06 1.651593e+08 1.152092e+06 10
1.000000e+09 1.651173e+08 1.226363e+06 1.650790e+08 1.230483e+06 1.651007e+08 1.227730e+06 10
