1.000000e+03 2.022049e+02 8.780275e-05 1.484573e+01 4.553154e-06 1.484573e+01 4.553154e-06 5000
1.500000e+03 2.475238e+02 0.000000e+00 2.663780e+01 0.000000e+00 2.663780e+01 0.000000e+00 5000
2.000000e+03 2.851813e+02 0.000000e+00 3.892792e+01 0.000000e+00 3.892792e+01 0.000000e+00 5000
3.000000e+03 3.475666e+02 0.000000e+00 6.998062e+01 0.000000e+00 6.998062e+01 0.000000e+00 5000
4.000000e+03 3.995963e+02 0.000000e+00 1.025101e+02 5.045852e-05 1.025101e+02 5.045852e-05 5000
5.000000e+03 4.450686e+02 0.000000e+00 1.391111e+02 0.000000e+00 1.391111e+02 0.000000e+00 5000
6.000000e+03 4.859059e+02 0.000000e+00 1.759754e+02 6.578608e-05 1.759754e+02 6.578608e-05 5000
8.000000e+03 5.578486e+02 2.273082e-04 2.498119e+02 3.334263e-05 2.498119e+02 3.334263e-05 5000
1.000000e+04 6.207219e+02 2.337384e-04 3.219648e+02 1.049984e-04 3.219648e+02 1.049984e-04 5000
1.500000e+04 7.532067e+02 1.039215e-04 4.884967e+02 5.541204e-05 4.884967e+02 5.541204e-05 5000
2.000000e+04 8.637070e+02 1.098646e-04 6.300746e+02 0.000000e+00 6.300746e+02 0.000000e+00 5000
3.000000e+04 1.047081e+03 2.737927e-04 8.632493e+02 0.000000e+00 8.632493e+02 0.000000e+00 5000
4.000000e+04 1.200143e+03 1.341620e-04 1.049399e+03 2.545546e-04 1.049399e+03 2.545546e-04 5000
5.000000e+04 1.334063e+03 5.246768e-05 1.206968e+03 3.805820e-04 1.206968e+03 3.805820e-04 5000
6.000000e+04 1.454540e+03 0.000000e+00 1.344685e+03 4.608617e-04 1.344685e+03 4.608617e-04 5000
8.000000e+04 1.667450e+03 0.000000e+00 1.581109e+03 4.452030e-04 1.581109e+03 4.302054e-04 5000
1.000000e+05 1.854358e+03 3.400294e-04 1.783201e+03 2.460952e-04 1.783201e+03 2.460952e-04 1000
1.500000e+05 2.251736e+03 4.105601e-04 2.202058e+03 3.121038e-04 2.202058e+03 3.121038e-04 1000
2.000000e+05 2.588699e+03 0.000000e+00 2.550224e+03 5.382242e-04 2.550224e+03 5.491300e-04 1000
3.000000e+05 3.165498e+03 0.000000e+00 3.138455e+03 3.394061e-04 3.138455e+03 3.343776e-04 1000
4.000000e+05 3.672348e+03 0.000000e+00 3.650991e+03 0.000000e+00 3.650991e+03 0.000000e+00 1000
5.000000e+05 4.142997e+03 0.000000e+00 4.125005e+03 1.031442e-03 4.125005e+03 1.031442e-03 1000
6.000000e+05 4.594934e+03 4.032745e-04 4.579104e+03 7.339707e-04 4.579104e+03 7.454218e-04 1000
8.000000e+05 5.480871e+03 0.000000e+00 5.467563e+03 0.000000e+00 5.467563e+03 0.000000e+00 1000
1.000000e+06 6.378653e+03 0.000000e+00 6.366666e+03 7.128953e-04 6.366666e+03 7.128953e-04 1000
1.500000e+06 8.833213e+03 1.034722e-03 8.822253e+03 0.000000e+00 8.822253e+03 0.000000e+00 1000
2.000000e+06 1.172896e+04 0.000000e+00 1.171756e+04 0.000000e+00 1.171756e+04 0.000000e+00 1000
3.000000e+06 1.889894e+04 3.651806e-03 1.888488e+04 2.293116e-03 1.888488e+04 2.293116e-03 1000
4.000000e+06 2.773338e+04 1.582654e+03 2.767663e+04 1.577847e+03 2.767726e+04 1.578508e+03 1000
5.000000e+06 3.849508e+04 9.875251e+02 3.846578e+04 9.866392e+02 3.846737e+04 9.870293e+02 1000
6.000000e+06 5.068979e+04 7.996334e+02 5.067070e+04 7.990268e+02 5.067191e+04 7.991566e+02 1000
8.000000e+06 7.974108e+04 1.297724e+03 7.969587e+04 1.305775e+03 7.970481e+04 1.301505e+03 1000
1.000000e+07 1.143590e+05 2.005804e+03 1.142843e+05 2.017196e+03 1.142952e+05 2.016357e+03 100
1.500000e+07 2.262733e+05 2.582721e+03 2.261766e+05 2.601604e+03 2.262039e+05 2.595786e+03 100
2.000000e+07 3.707361e+05 3.918963e+03 3.705676e+05 3.899053e+03 3.706362e+05 3.901966e+03 100
3.000000e+07 7.529459e+05 7.180420e+03 7.526583e+05 7.096711e+03 7.527893e+05 7.143854e+03 100
4.000000e+07 1.251891e+06 1.181099e+04 1.251386e+06 1.160855e+04 1.251608e+06 1.172404e+04 100
5.000000e+07 1.861326e+06 1.801116e+04 1.860605e+06 1.759437e+04 1.860929e+06 1.783831e+04 100
6.000000e+07 2.578050e+06 2.504452e+04 2.577136e+06 2.450749e+04 2.577576e+06 2.484863e+04 100
8.000000e+07 4.320568e+06 3.863834e+04 4.319110e+06 3.786318e+04 4.319820e+06 3.834494e+04 100
1.000000e+08 6.453610e+06 4.336200e+04 6.452153e+06 4.262548e+04 6.452677e+06 4.289093e+04 10
1.500000e+08 1.342606e+07 8.045744e+04 1.342333e+07 7.943507e+04 1.342443e+07 7.994870e+04 10
2.000000e+08 2.254194e+07 1.378108e+05 2.253736e+07 1.362817e+05 2.253925e+07 1.370614e+05 10
3.000000e+08 4.675478e+07 2.746845e+05 4.674505e+07 2.711138e+05 4.674908e+07 2.729470e+05 10
4.000000e+08 7.804970e+07 4.438210e+05 7.803341e+07 4.378691e+05 7.804021e+07 4.408708e+05 10
5.000000e+08 1.158186e+08 6.454514e+05 1.157942e+08 6.366512e+05 1.158044e+08 6.410669e+05 10
6.000000e+08 1.592031e+08 9.564174e+05 1.591655e+08 9.564279e+05 1.591832e+08 9.574866e+05 10
8.000000e+08 2.623776e+08 1.723018e+06 2.623072e+08 1.718939e+06 2.623408e+08 1.720613e+06 10
1.000000e+09 3.831747e+08 2.523595e+06 3.830873e+08 2.519592e+06 3.831308e+08 2.517021e+06 10
