1.000000e+03 2.982332e+01 9.438872e+00 1.276929e+01 9.613187e+00 1.945445e+01 8.007851e+00 5000
1.500000e+03 4.528008e+01 1.283384e+01 1.972591e+01 1.349134e+01 2.922756e+01 1.125896e+01 5000
2.000000e+03 5.879144e+01 1.553258e+01 2.611497e+01 1.726221e+01 3.818132e+01 1.409425e+01 5000
3.000000e+03 8.472556e+01 1.993059e+01 3.946479e+01 2.342502e+01 5.542098e+01 1.916307e+01 5000
4.000000e+03 1.097209e+02 2.420751e+01 5.340934e+01 2.941622e+01 7.269611e+01 2.423939e+01 5000
5.000000e+03 1.326168e+02 2.765552e+01 6.601587e+01 3.539525e+01 8.867855e+01 2.792961e+01 5000
6.000000e+03 1.567213e+02 3.106055e+01 7.998616e+01 4.101861e+01 1.055834e+02 3.266328e+01 5000
8.000000e+03 2.017761e+02 3.607451e+01 1.080190e+02 5.076017e+01 1.390778e+02 3.943177e+01 5000
1.000000e+04 2.447156e+02 4.067309e+01 1.346110e+02 6.088865e+01 1.708711e+02 4.722705e+01 5000
1.500000e+04 3.484943e+02 5.041911e+01 2.065347e+02 8.138817e+01 2.524584e+02 6.195676e+01 5000
2.000000e+04 4.403241e+02 5.720965e+01 2.754574e+02 9.640545e+01 3.275369e+02 7.303891e+01 5000
3.000000e+04 6.060397e+02 6.623843e+01 4.052022e+02 1.206494e+02 4.671851e+02 9.059079e+01 5000
4.000000e+04 7.536373e+02 7.163675e+01 5.282633e+02 1.388468e+02 5.952566e+02 1.037498e+02 5000
5.000000e+04 8.834388e+02 7.553148e+01 6.389953e+02 1.514540e+02 7.090649e+02 1.136952e+02 5000
6.000000e+04 1.001458e+03 7.968024e+01 7.439067e+02 1.635855e+02 8.157568e+02 1.225325e+02 5000
8.000000e+04 1.211236e+03 8.308729e+01 9.338497e+02 1.753606e+02 1.008101e+03 1.328826e+02 5000
1.000000e+05 1.389961e+03 9.165447e+01 1.094636e+03 1.980662e+02 1.173387e+03 1.483494e+02 1000
1.500000e+05 1.781328e+03 8.798620e+01 1.472374e+03 2.029511e+02 1.543936e+03 1.612002e+02 1000
2.000000e+05 2.109607e+03 8.806256e+01 1.793470e+03 1.949153e+02 1.859169e+03 1.610045e+02 1000
3.000000e+05 2.674085e+03 9.883131e+01 2.333237e+03 2.456280e+02 2.403370e+03 1.872869e+02 1000
4.000000e+05 3.179783e+03 1.056006e+02 2.816360e+03 2.542061e+02 2.883910e+03 2.028296e+02 1000
5.000000e+05 3.648345e+03 1.133114e+02 3.290441e+03 2.594366e+02 3.349937e+03 2.135619e+02 1000
6.000000e+05 4.095271e+03 9.675719e+01 3.721946e+03 2.512003e+02 3.782652e+03 2.053430e+02 1000
8.000000e+05 4.950966e+03 1.189522e+02 4.572405e+03 2.814220e+02 4.627891e+03 2.279198e+02 1000
1.000000e+06 5.832613e+03 1.087676e+02 5.456454e+03 2.601230e+02 5.505964e+03 2.255070e+02 1000
1.500000e+06 8.249926e+03 1.179009e+02 7.867113e+03 2.954466e+02 7.904395e+03 2.548155e+02 1000
2.000000e+06 1.109348e+04 1.374006e+02 1.069813e+04 3.149384e+02 1.072912e+04 2.854067e+02 1000
3.000000e+06 1.820371e+04 1.725413e+02 1.781461e+04 4.265677e+02 1.783685e+04 3.445649e+02 1000
4.000000e+06 2.720686e+04 2.316902e+02 2.681786e+04 3.741359e+02 2.683468e+04 3.370940e+02 1000
5.000000e+06 3.801428e+04 3.170172e+02 3.751965e+04 2.076417e+03 3.759111e+04 8.476066e+02 1000
6.000000e+06 5.059514e+04 3.948637e+02 5.019392e+04 6.691764e+02 5.020604e+04 6.554599e+02 1000
8.000000e+06 8.081687e+04 6.177404e+02 8.042729e+04 6.601803e+02 8.043754e+04 6.591402e+02 1000
1.000000e+07 1.173132e+05 8.442860e+02 1.168766e+05 8.636531e+02 1.168920e+05 8.655845e+02 100
1.500000e+07 2.354730e+05 1.543787e+03 2.350565e+05 1.561218e+03 2.350727e+05 1.555796e+03 100
2.000000e+07 3.896212e+05 2.536484e+03 3.891795e+05 2.528961e+03 3.891995e+05 2.527698e+03 100
3.000000e+07 7.996489e+05 5.637536e+03 7.991687e+05 5.625745e+03 7.991999e+05 5.630220e+03 100
4.000000e+07 1.336514e+06 8.611737e+03 1.335990e+06 8.618482e+03 1.336052e+06 8.624189e+03 100
5.000000e+07 1.997784e+06 1.318152e+04 1.997191e+06 1.318975e+04 1.997273e+06 1.317789e+04 100
6.000000e+07 2.772420e+06 1.762273e+04 2.771721e+06 1.757849e+04 2.771864e+06 1.759834e+04 100
8.000000e+07 4.683411e+06 3.134440e+04 4.682617e+06 3.132752e+04 4.682824e+06 3.132987e+04 100
1.000000e+08 7.002596e+06 6.526518e+04 7.001545e+06 6.561974e+04 7.001880e+06 6.536646e+04 10
1.500000e+08 1.472577e+07 1.194700e+05 1.472417e+07 1.200646e+05 1.472480e+07 1.195252e+05 10
2.000000e+08 2.503709e+07 1.339449e+05 2.503448e+07 1.333161e+05 2.503554e+07 1.335198e+05 10
3.000000e+08 5.289482e+07 2.295275e+05 5.289176e+07 2.293860e+05 5.289295e+07 2.293391e+05 10
4.000000e+08 8.406518e+07 4.769194e+05 8.405460e+07 4.824589e+05 8.406144e+07 4.778445e+05 10
5.000000e+08 1.214962e+08 8.096859e+05 1.214730e+08 8.147315e+05 1.214874e+08 8.106165e+05 10
6.000000e+08 1.651500e+08 1.181244e+06 1.651119e+08 1.185319e+06 1.651329e+08 1.182658e+06 10
8.000000e+08 1.651831e+08 1.161485e+06 1.651443e+08 1.165024e+06 1.651659e+08 1.162452e+06 10
1.000000e+09 1.651144e+08 1.203490e+06 1.650758e+08 1.206779e+06 1.650977e+08 1.204331e+06 10
