1.000000e+03 2.982332e+01 9.438872e+00 1.276929e+01 9.613187e+00 1.945445e+01 8.007851e+00 5000
1.500000e+03 4.528358e+01 1.283369e+01 1.972552e+01 1.349015e+01 2.923157e+01 1.125930e+01 5000
2.000000e+03 5.878260e+01 1.553898e+01 2.612344e+01 1.726546e+01 3.817533e+01 1.410902e+01 5000
3.000000e+03 8.472382e+01 1.994131e+01 3.946511e+01 2.340352e+01 5.541567e+01 1.914433e+01 5000
4.000000e+03 1.097448e+02 2.421879e+01 5.338819e+01 2.940564e+01 7.268686e+01 2.425290e+01 5000
5.000000e+03 1.325926e+02 2.765122e+01 6.604515e+01 3.541824e+01 8.868310e+01 2.795237e+01 5000
6.000000e+03 1.566928e+02 3.104949e+01 7.994634e+01 4.098969e+01 1.055479e+02 3.261475e+01 5000
8.000000e+03 2.017657e+02 3.609915e+01 1.079814e+02 5.075856e+01 1.390671e+02 3.943552e+01 5000
1.000000e+04 2.447301e+02 4.070303e+01 1.345567e+02 6.082508e+01 1.708748e+02 4.721094e+01 5000
1.500000e+04 3.462559e+02 5.106058e+01 2.057354e+02 7.935542e+01 2.511837e+02 6.164430e+01 5000
2.000000e+04 4.397414e+02 5.736850e+01 2.746951e+02 9.702275e+01 3.273033e+02 7.358203e+01 5000
3.000000e+04 6.074275e+02 6.686222e+01 4.068310e+02 1.208776e+02 4.685362e+02 9.090840e+01 5000
4.000000e+04 7.531175e+02 7.043477e+01 5.281388e+02 1.365907e+02 5.938805e+02 1.035153e+02 5000
5.000000e+04 8.836389e+02 7.786208e+01 6.402810e+02 1.546510e+02 7.100385e+02 1.155677e+02 5000
6.000000e+04 1.000897e+03 7.925796e+01 7.432862e+02 1.639377e+02 8.153498e+02 1.227439e+02 5000
8.000000e+04 1.210505e+03 8.343621e+01 9.310434e+02 1.782307e+02 1.006416e+03 1.352245e+02 5000
1.000000e+05 1.397318e+03 8.147090e+01 1.099609e+03 1.811565e+02 1.176142e+03 1.385173e+02 1000
1.500000e+05 1.779602e+03 8.943855e+01 1.458671e+03 2.192367e+02 1.533833e+03 1.715890e+02 1000
2.000000e+05 2.107986e+03 9.527191e+01 1.778511e+03 2.312710e+02 1.853392e+03 1.748133e+02 1000
3.000000e+05 2.675093e+03 9.860528e+01 2.335274e+03 2.295104e+02 2.401591e+03 1.789942e+02 1000
4.000000e+05 3.186907e+03 1.006708e+02 2.835430e+03 2.396372e+02 2.899314e+03 1.935176e+02 1000
5.000000e+05 3.646813e+03 1.043267e+02 3.290937e+03 2.406536e+02 3.349913e+03 2.025772e+02 1000
6.000000e+05 4.093335e+03 1.025709e+02 3.740690e+03 2.361386e+02 3.795489e+03 2.030382e+02 1000
8.000000e+05 4.956693e+03 1.031674e+02 4.583117e+03 2.665493e+02 4.638774e+03 2.245670e+02 1000
1.000000e+06 5.829699e+03 1.204601e+02 5.444302e+03 3.180565e+02 5.498789e+03 2.550702e+02 1000
1.500000e+06 8.237752e+03 1.263572e+02 7.848691e+03 2.924385e+02 7.887233e+03 2.614239e+02 1000
2.000000e+06 1.108467e+04 1.306185e+02 1.070512e+04 2.722653e+02 1.073175e+04 2.553097e+02 1000
3.000000e+06 1.820156e+04 1.729132e+02 1.779131e+04 8.094047e+02 1.782836e+04 3.682399e+02 1000
4.000000e+06 2.719679e+04 2.429700e+02 2.676530e+04 1.292031e+03 2.681449e+04 4.149070e+02 1000
5.000000e+06 3.801751e+04 3.251198e+02 3.760918e+04 5.330061e+02 3.762804e+04 5.001284e+02 1000
6.000000e+06 5.061566e+04 4.310688e+02 5.020194e+04 8.145430e+02 5.022026e+04 7.271876e+02 1000
8.000000e+06 8.079966e+04 6.476952e+02 8.039332e+04 7.134336e+02 8.040789e+04 7.020180e+02 1000
1.000000e+07 1.175212e+05 8.364833e+02 1.170955e+05 1.066876e+03 1.171048e+05 1.060803e+03 100
1.500000e+07 2.359563e+05 1.602055e+03 2.355317e+05 1.590883e+03 2.355482e+05 1.591110e+03 100
2.000000e+07 3.901339e+05 2.908572e+03 3.896149e+05 2.966956e+03 3.896405e+05 2.967467e+03 100
3.000000e+07 8.001565e+05 5.362633e+03 7.996250e+05 5.350088e+03 7.996779e+05 5.364055e+03 100
4.000000e+07 1.338234e+06 8.863444e+03 1.337694e+06 8.860296e+03 1.337756e+06 8.851259e+03 100
5.000000e+07 1.997856e+06 1.250687e+04 1.997243e+06 1.255283e+04 1.997326e+06 1.253844e+04 100
6.000000e+07 2.773008e+06 2.011353e+04 2.772285e+06 2.008779e+04 2.772417e+06 2.008421e+04 100
8.000000e+07 4.673727e+06 3.029458e+04 4.672877e+06 3.029932e+04 4.673080e+06 3.026372e+04 100
1.000000e+08 6.996835e+06 2.542984e+04 6.995745e+06 2.531314e+04 6.996000e+06 2.528619e+04 10
1.500000e+08 1.473884e+07 1.450212e+05 1.473703e+07 1.449996e+05 1.473759e+07 1.450004e+05 10
2.000000e+08 2.496614e+07 1.287544e+05 2.496353e+07 1.291497e+05 2.496450e+07 1.288521e+05 10
3.000000e+08 5.291880e+07 4.921462e+05 5.291504e+07 4.925750e+05 5.291670e+07 4.920423e+05 10
4.000000e+08 8.400244e+07 5.139105e+05 8.399257e+07 5.122096e+05 8.399838e+07 5.134756e+05 10
5.000000e+08 1.213853e+08 6.998358e+05 1.213661e+08 7.021205e+05 1.213773e+08 6.993256e+05 10
6.000000e+08 1.652302e+08 1.182305e+06 1.651895e+08 1.188707e+06 1.652120e+08 1.184607e+06 10
8.000000e+08 1.651355e+08 1.201919e+06 1.650949e+08 1.206672e+06 1.651174e+08 1.203081e+06 10
1.000000e+09 1.651692e+08 1.211598e+06 1.651267e+08 1.220304e+06 1.651505e+08 1.214928e+06 10
