1.000000e+03 1.119491e-302 0.000000e+00 5.597457e-303 0.000000e+00 0.000000e+00 0.000000e+00 5000
1.500000e+03 1.131998e+01 4.525617e+00 7.106295e+00 3.168827e+00 7.106295e+00 3.168827e+00 5000
2.000000e+03 1.536221e+01 4.593703e+00 1.110702e+01 3.297039e+00 1.110702e+01 3.297039e+00 5000
3.000000e+03 2.344806e+01 4.674026e+00 1.915873e+01 3.299372e+00 1.915873e+01 3.299372e+00 5000
4.000000e+03 3.149308e+01 4.590831e+00 2.715522e+01 3.270026e+00 2.715522e+01 3.270026e+00 5000
5.000000e+03 3.960408e+01 4.649188e+00 3.528476e+01 3.285364e+00 3.528476e+01 3.285364e+00 5000
6.000000e+03 4.780234e+01 4.614378e+00 4.346535e+01 3.280978e+00 4.346535e+01 3.280978e+00 5000
8.000000e+03 6.456675e+01 4.755141e+00 6.023257e+01 3.408208e+00 6.023257e+01 3.408208e+00 5000
1.000000e+04 8.173116e+01 4.789830e+00 7.743418e+01 3.536273e+00 7.743418e+01 3.536273e+00 5000
1.500000e+04 1.261396e+02 4.935681e+00 1.217936e+02 3.645242e+00 1.217936e+02 3.645242e+00 5000
2.000000e+04 1.723886e+02 5.186139e+00 1.680200e+02 3.963080e+00 1.680200e+02 3.963080e+00 5000
3.000000e+04 2.680077e+02 5.626863e+00 2.637145e+02 4.641953e+00 2.637145e+02 4.641953e+00 5000
4.000000e+04 3.655926e+02 6.359825e+00 3.612682e+02 5.461733e+00 3.612682e+02 5.461733e+00 5000
5.000000e+04 4.633248e+02 6.977898e+00 4.589713e+02 6.174532e+00 4.589713e+02 6.174532e+00 5000
6.000000e+04 5.597230e+02 7.648294e+00 5.553833e+02 6.864285e+00 5.553833e+02 6.864285e+00 5000
8.000000e+04 7.466750e+02 9.200773e+00 7.422836e+02 8.539865e+00 7.422836e+02 8.539865e+00 5000
1.000000e+05 9.241505e+02 1.005404e+01 9.200459e+02 9.488713e+00 9.200459e+02 9.488713e+00 1000
1.500000e+05 1.325185e+03 1.244293e+01 1.321003e+03 1.193757e+01 1.321003e+03 1.193757e+01 1000
2.000000e+05 1.671061e+03 1.416348e+01 1.666766e+03 1.398783e+01 1.666766e+03 1.398783e+01 1000
3.000000e+05 2.215263e+03 1.676875e+01 2.210947e+03 1.645864e+01 2.210947e+03 1.645864e+01 1000
4.000000e+05 2.630443e+03 1.870402e+01 2.625930e+03 1.832341e+01 2.625930e+03 1.832341e+01 1000
5.000000e+05 2.968730e+03 1.977561e+01 2.964354e+03 1.958734e+01 2.964354e+03 1.958734e+01 1000
6.000000e+05 3.254910e+03 2.039296e+01 3.250510e+03 2.016390e+01 3.250510e+03 2.016390e+01 1000
8.000000e+05 3.729388e+03 2.222265e+01 3.725072e+03 2.200115e+01 3.725072e+03 2.200115e+01 1000
1.000000e+06 4.122604e+03 2.266036e+01 4.118375e+03 2.230904e+01 4.118375e+03 2.230904e+01 1000
1.500000e+06 4.932758e+03 2.469104e+01 4.928423e+03 2.451631e+01 4.928423e+03 2.451631e+01 1000
2.000000e+06 5.628656e+03 2.582237e+01 5.624341e+03 2.576885e+01 5.624341e+03 2.576885e+01 1000
3.000000e+06 6.901245e+03 2.970826e+01 6.897198e+03 2.940775e+01 6.897198e+03 2.940775e+01 1000
4.000000e+06 8.138437e+03 3.462553e+01 8.134091e+03 3.442748e+01 8.134091e+03 3.442748e+01 1000
5.000000e+06 9.394879e+03 3.885061e+01 9.390553e+03 3.861551e+01 9.390553e+03 3.861551e+01 1000
6.000000e+06 1.068701e+04 4.168341e+01 1.068266e+04 4.159202e+01 1.068266e+04 4.159202e+01 1000
8.000000e+06 1.340913e+04 5.089488e+01 1.340480e+04 5.102136e+01 1.340480e+04 5.102136e+01 1000
1.000000e+07 1.632972e+04 5.388352e+01 1.632534e+04 5.401346e+01 1.632534e+04 5.401346e+01 100
1.500000e+07 2.459350e+04 1.054304e+02 2.458920e+04 1.051087e+02 2.458930e+04 1.051016e+02 100
2.000000e+07 3.418529e+04 1.240249e+02 3.418117e+04 1.242809e+02 3.418145e+04 1.242864e+02 100
3.000000e+07 5.731853e+04 2.433075e+02 5.731367e+04 2.434196e+02 5.731405e+04 2.434173e+02 100
4.000000e+07 8.564724e+04 3.258902e+02 8.564207e+04 3.262105e+02 8.564269e+04 3.260973e+02 100
5.000000e+07 1.188165e+05 4.622849e+02 1.188106e+05 4.621293e+02 1.188113e+05 4.621562e+02 100
6.000000e+07 1.569969e+05 6.597184e+02 1.569906e+05 6.595750e+02 1.569914e+05 6.594927e+02 100
8.000000e+07 2.479610e+05 9.465886e+02 2.479537e+05 9.469350e+02 2.479549e+05 9.468497e+02 100
1.000000e+08 3.569871e+05 1.527356e+03 3.569771e+05 1.525865e+03 3.569797e+05 1.526103e+03 10
1.500000e+08 7.131829e+05 2.451706e+03 7.131732e+05 2.451521e+03 7.131756e+05 2.450929e+03 10
2.000000e+08 1.177700e+06 2.981561e+03 1.177682e+06 2.980582e+03 1.177688e+06 2.981937e+03 10
3.000000e+08 2.422203e+06 1.118087e+04 2.422175e+06 1.119376e+04 2.422184e+06 1.119009e+04 10
4.000000e+08 4.065824e+06 1.731168e+04 4.065792e+06 1.730942e+04 4.065807e+06 1.730971e+04 10
5.000000e+08 6.110702e+06 1.313146e+04 6.110627e+06 1.313499e+04 6.110659e+06 1.312673e+04 10
6.000000e+08 8.527727e+06 2.566155e+04 8.527642e+06 2.565323e+04 8.527684e+06 2.566019e+04 10
8.000000e+08 1.447574e+07 4.465042e+04 1.447560e+07 4.462711e+04 1.447567e+07 4.463683e+04 10
1.000000e+09 2.185231e+07 3.128174e+04 2.185196e+07 3.146624e+04 2.185216e+07 3.134338e+04 10
