1.000000e+03 1.054271e+02 5.799411e-05 1.750668e+00 0.000000e+00 1.750668e+00 0.000000e+00 5000
1.500000e+03 1.291246e+02 0.000000e+00 3.233629e+00 0.000000e+00 3.233629e+00 0.000000e+00 5000
2.000000e+03 1.491001e+02 5.800837e-05 4.846265e+00 0.000000e+00 4.846265e+00 0.000000e+00 5000
3.000000e+03 1.826083e+02 5.565037e-05 9.243095e+00 0.000000e+00 9.243095e+00 0.000000e+00 5000
4.000000e+03 2.108575e+02 1.007530e-04 1.428245e+01 7.387020e-06 1.428245e+01 7.387020e-06 5000
5.000000e+03 2.357455e+02 2.025541e-05 2.052684e+01 0.000000e+00 2.052684e+01 0.000000e+00 5000
6.000000e+03 2.582458e+02 0.000000e+00 2.740202e+01 0.000000e+00 2.740202e+01 0.000000e+00 5000
8.000000e+03 2.981963e+02 1.589093e-04 4.301598e+01 0.000000e+00 4.301598e+01 0.000000e+00 5000
1.000000e+04 3.333943e+02 0.000000e+00 6.077716e+01 3.157139e-05 6.077716e+01 3.157139e-05 5000
1.500000e+04 4.085125e+02 0.000000e+00 1.120719e+02 0.000000e+00 1.120719e+02 0.000000e+00 5000
2.000000e+04 4.718442e+02 0.000000e+00 1.671360e+02 0.000000e+00 1.671360e+02 0.000000e+00 5000
3.000000e+04 5.778265e+02 2.248495e-04 2.808188e+02 3.021932e-05 2.808188e+02 1.925037e-05 5000
4.000000e+04 6.671488e+02 2.346426e-04 3.881783e+02 0.000000e+00 3.881783e+02 0.000000e+00 5000
5.000000e+04 7.458283e+02 3.387816e-04 4.875248e+02 2.056665e-04 4.875248e+02 2.057952e-04 5000
6.000000e+04 8.169637e+02 3.516629e-04 5.781902e+02 1.517521e-04 5.781902e+02 1.517521e-04 5000
8.000000e+04 9.432675e+02 2.493011e-04 7.380702e+02 1.687646e-04 7.380702e+02 1.687646e-04 5000
1.000000e+05 1.063201e+03 6.004156e+01 8.773823e+02 2.009697e+01 8.773823e+02 2.009697e+01 1000
1.500000e+05 1.254705e+03 8.957106e+01 1.121214e+03 2.271002e+01 1.121552e+03 2.378685e+01 1000
2.000000e+05 1.353674e+03 1.275875e+02 1.245531e+03 3.684898e+01 1.246145e+03 3.909051e+01 1000
3.000000e+05 1.477176e+03 2.008074e+02 1.374903e+03 8.876185e+01 1.376229e+03 9.207184e+01 1000
4.000000e+05 1.724374e+03 3.246837e+02 1.548178e+03 2.013734e+02 1.552418e+03 2.072743e+02 1000
5.000000e+05 2.142460e+03 3.701766e+02 1.887584e+03 3.199731e+02 1.898711e+03 3.260310e+02 1000
6.000000e+05 2.497698e+03 2.939159e+02 2.251433e+03 3.203501e+02 2.267823e+03 3.193954e+02 1000
8.000000e+05 2.878270e+03 1.545310e+02 2.717363e+03 1.693518e+02 2.734271e+03 1.434950e+02 1000
1.000000e+06 3.057102e+03 2.123831e+02 2.920567e+03 1.593648e+02 2.934033e+03 1.344355e+02 1000
1.500000e+06 4.029853e+03 3.261711e+02 3.759732e+03 3.425187e+02 3.775966e+03 3.430983e+02 1000
2.000000e+06 4.632250e+03 1.463047e+02 4.478557e+03 1.441104e+02 4.493420e+03 1.222450e+02 1000
3.000000e+06 5.815729e+03 3.712154e+02 5.539275e+03 3.574544e+02 5.552203e+03 3.600818e+02 1000
4.000000e+06 6.788365e+03 2.203424e+02 6.643641e+03 1.456290e+02 6.653818e+03 1.390911e+02 1000
5.000000e+06 8.175377e+03 2.973813e+02 7.918553e+03 3.365398e+02 7.930379e+03 3.335903e+02 1000
6.000000e+06 9.128967e+03 2.698172e+02 8.964521e+03 1.778800e+02 8.972406e+03 1.746666e+02 1000
8.000000e+06 1.171585e+04 3.314051e+02 1.152796e+04 2.403238e+02 1.153534e+04 2.355786e+02 1000
1.000000e+07 1.450633e+04 3.516391e+02 1.429778e+04 2.594991e+02 1.430414e+04 2.575052e+02 100
1.500000e+07 2.260584e+04 2.309425e+02 2.238362e+04 2.590889e+02 2.239102e+04 2.582910e+02 100
2.000000e+07 3.129822e+04 2.387353e+02 3.115695e+04 1.893197e+02 3.116299e+04 1.894405e+02 100
3.000000e+07 5.250887e+04 3.541679e+02 5.233055e+04 2.855889e+02 5.233655e+04 2.856986e+02 100
4.000000e+07 7.846149e+04 5.919486e+02 7.817410e+04 6.922907e+02 7.818016e+04 6.931000e+02 100
5.000000e+07 1.087116e+05 7.535094e+02 1.084278e+05 7.286695e+02 1.084351e+05 7.297811e+02 100
6.000000e+07 1.435861e+05 7.189778e+02 1.433908e+05 6.940827e+02 1.433989e+05 6.953469e+02 100
8.000000e+07 2.264011e+05 1.295118e+03 2.261294e+05 1.281030e+03 2.261407e+05 1.282301e+03 100
1.000000e+08 3.264459e+05 1.268312e+03 3.262757e+05 1.296067e+03 3.262865e+05 1.298147e+03 10
1.500000e+08 6.482450e+05 2.630621e+03 6.478123e+05 2.628573e+03 6.478306e+05 2.631701e+03 10
2.000000e+08 1.067472e+06 4.026182e+03 1.067234e+06 4.035643e+03 1.067265e+06 4.042840e+03 10
3.000000e+08 2.184726e+06 8.022535e+03 2.184490e+06 8.035939e+03 2.184551e+06 8.051420e+03 10
4.000000e+08 3.649843e+06 1.326104e+04 3.649435e+06 1.322191e+04 3.649541e+06 1.325051e+04 10
5.000000e+08 5.444157e+06 2.563867e+04 5.443631e+06 2.558325e+04 5.443820e+06 2.565679e+04 10
6.000000e+08 7.544871e+06 3.375540e+04 7.544310e+06 3.380899e+04 7.544465e+06 3.383912e+04 10
8.000000e+08 1.263137e+07 5.423981e+04 1.263055e+07 5.406199e+04 1.263078e+07 5.417587e+04 10
1.000000e+09 1.882078e+07 6.001097e+04 1.881955e+07 5.970646e+04 1.882001e+07 5.987755e+04 10
