1.000000e+03 0.000000e+00 0.000000e+00 0.000000e+00 0.000000e+00 0.000000e+00 0.000000e+00 1000
1.500000e+03 0.000000e+00 0.000000e+00 0.000000e+00 0.000000e+00 0.000000e+00 0.000000e+00 1000
2.000000e+03 0.000000e+00 0.000000e+00 0.000000e+00 0.000000e+00 0.000000e+00 0.000000e+00 1000
3.000000e+03 0.000000e+00 0.000000e+00 0.000000e+00 0.000000e+00 0.000000e+00 0.000000e+00 1000
4.000000e+03 0.000000e+00 0.000000e+00 0.000000e+00 0.000000e+00 0.000000e+00 0.000000e+00 1000
5.000000e+03 0.000000e+00 0.000000e+00 0.000000e+00 0.000000e+00 0.000000e+00 0.000000e+00 1000
6.000000e+03 0.000000e+00 0.000000e+00 0.000000e+00 0.000000e+00 0.000000e+00 0.000000e+00 1000
8.000000e+03 0.000000e+00 0.000000e+00 0.000000e+00 0.000000e+00 0.000000e+00 0.000000e+00 1000
1.000000e+04 0.000000e+00 0.000000e+00 0.000000e+00 0.000000e+00 0.000000e+00 0.000000e+00 1000
1.500000e+04 0.000000e+00 0.000000e+00 0.000000e+00 0.000000e+00 0.000000e+00 0.000000e+00 1000
2.000000e+04 0.000000e+00 0.000000e+00 0.000000e+00 0.000000e+00 0.000000e+00 0.000000e+00 1000
3.000000e+04 0.000000e+00 0.000000e+00 0.000000e+00 0.000000e+00 0.000000e+00 0.000000e+00 1000
4.000000e+04 0.000000e+00 0.000000e+00 0.000000e+00 0.000000e+00 0.000000e+00 0.000000e+00 1000
5.000000e+04 0.000000e+00 0.000000e+00 0.000000e+00 0.000000e+00 0.000000e+00 0.000000e+00 1000
6.000000e+04 0.000000e+00 0.000000e+00 0.000000e+00 0.000000e+00 0.000000e+00 0.000000e+00 1000
8.000000e+04 0.000000e+00 0.000000e+00 0.000000e+00 0.000000e+00 0.000000e+00 0.000000e+00 1000
1.000000e+05 0.000000e+00 0.000000e+00 0.000000e+00 0.000000e+00 0.000000e+00 0.000000e+00 1000
1.500000e+05 0.000000e+00 0.000000e+00 0.000000e+00 0.000000e+00 0.000000e+00 0.000000e+00 1000
2.000000e+05 0.000000e+00 0.000000e+00 0.000000e+00 0.000000e+00 0.000000e+00 0.000000e+00 1000
3.000000e+05 0.000000e+00 0.000000e+00 0.000000e+00 0.000000e+00 0.000000e+00 0.000000e+00 1000
4.000000e+05 0.000000e+00 0.000000e+00 0.000000e+00 0.000000e+00 0.000000e+00 0.000000e+00 1000
5.000000e+05 0.000000e+00 0.000000e+00 0.000000e+00 0.000000e+00 0.000000e+00 0.000000e+00 1000
6.000000e+05 0.000000e+00 0.000000e+00 0.000000e+00 0.000000e+00 0.000000e+00 0.000000e+00 1000
8.000000e+05 0.000000e+00 0.000000e+00 0.000000e+00 0.000000e+00 0.000000e+00 0.000000e+00 1000
1.000000e+06 0.000000e+00 0.000000e+00 0.000000e+00 0.000000e+00 0.000000e+00 0.000000e+00 1000
1.500000e+06 0.000000e+00 0.000000e+00 0.000000e+00 0.000000e+00 0.000000e+00 0.000000e+00 1000
2.000000e+06 0.000000e+00 0.000000e+00 0.000000e+00 0.000000e+00 0.000000e+00 0.000000e+00 1000
3.000000e+06 2.405603e-02 7.603380e-01 1.003523e+05 3.171832e+06 1.252080e+05 3.957443e+06 1000
4.000000e+06 2.278155e-02 7.200556e-01 1.209988e+05 3.824405e+06 1.447845e+05 4.576197e+06 1000
5.000000e+06 3.546188e-02 8.171853e-01 3.523217e+05 8.035243e+06 3.948390e+05 8.957517e+06 1000
6.000000e+06 7.610847e-02 1.124032e+00 1.210090e+06 1.789870e+07 2.041587e+06 2.882349e+07 1000
8.000000e+06 5.152595e-02 9.875630e-01 1.593159e+06 2.939631e+07 1.674670e+06 3.078469e+07 1000
1.000000e+07 3.506569e-02 8.100973e-01 2.524386e+06 4.521849e+07 2.999995e+06 5.612863e+07 1000
1.500000e+07 3.395419e-01 2.589523e+00 1.261435e+07 9.759436e+07 1.504653e+07 1.379907e+08 1000
2.000000e+07 1.583253e+00 2.224466e+01 2.001367e+07 1.232229e+08 2.168456e+07 1.312947e+08 1000
3.000000e+07 1.434874e+00 6.955694e+00 4.615960e+07 1.910090e+08 4.887765e+07 2.009160e+08 1000
4.000000e+07 2.586733e+00 1.170011e+01 8.646027e+07 2.654431e+08 9.003836e+07 2.772657e+08 1000
5.000000e+07 4.071581e+00 1.962921e+01 1.257929e+08 3.182348e+08 1.309598e+08 3.288611e+08 1000
6.000000e+07 4.928399e+00 1.409822e+01 1.922123e+08 3.887403e+08 2.004301e+08 4.083759e+08 1000
8.000000e+07 9.343317e+00 3.450741e+01 3.123760e+08 5.140043e+08 3.204081e+08 5.249795e+08 1000
1.000000e+08 1.022948e+01 2.427676e+01 4.779152e+08 5.968912e+08 4.854360e+08 6.065136e+08 1000
1.500000e+08 2.189971e+01 3.325800e+01 9.266083e+08 5.788030e+08 9.387531e+08 5.903419e+08 1000
2.000000e+08 3.427873e+01 5.012334e+01 1.231111e+09 2.898742e+08 1.241574e+09 2.958042e+08 1000
3.000000e+08 6.599422e+01 6.630364e+01 2.179473e+09 0.000000e+00 2.190920e+09 0.000000e+00 1000
4.000000e+08 1.026372e+02 4.936365e+01 3.259749e+09 0.000000e+00 3.275299e+09 0.000000e+00 1000
5.000000e+08 1.543068e+02 8.235230e+01 4.015310e+09 0.000000e+00 4.033963e+09 0.000000e+00 1000
6.000000e+08 1.905524e+02 0.000000e+00 5.112521e+09 0.000000e+00 5.129888e+09 0.000000e+00 1000
8.000000e+08 3.126648e+02 0.000000e+00 7.053766e+09 0.000000e+00 7.074016e+09 0.000000e+00 1000
1.000000e+09 4.210998e+02 0.000000e+00 8.830796e+09 0.000000e+00 8.854396e+09 0.000000e+00 1000
