1.000000e+03 7.830100e+01 2.197653e+01 2.460822e+01 1.988891e+01 3.991636e+01 1.487966e+01 1000
1.500000e+03 1.349050e+02 3.616768e+01 4.746533e+01 3.709381e+01 7.456308e+01 2.708341e+01 1000
2.000000e+03 2.055658e+02 5.323314e+01 7.638488e+01 5.801344e+01 1.192886e+02 4.261387e+01 1000
3.000000e+03 3.743238e+02 8.914447e+01 1.522071e+02 1.073425e+02 2.279741e+02 7.643978e+01 1000
4.000000e+03 5.920896e+02 1.415754e+02 2.452429e+02 1.653515e+02 3.634041e+02 1.228594e+02 1000
5.000000e+03 8.491567e+02 1.971715e+02 3.552870e+02 2.312013e+02 5.260350e+02 1.729443e+02 1000
6.000000e+03 1.155700e+03 2.663575e+02 4.798022e+02 3.312088e+02 7.276363e+02 2.373895e+02 1000
8.000000e+03 1.890181e+03 4.144436e+02 8.010344e+02 5.403467e+02 1.200325e+03 3.765724e+02 1000
1.000000e+04 2.729083e+03 5.827284e+02 1.199278e+03 7.687945e+02 1.762533e+03 5.346846e+02 1000
1.500000e+04 5.434523e+03 1.127227e+03 2.440210e+03 1.521043e+03 3.556649e+03 1.061548e+03 1000
2.000000e+04 8.979220e+03 1.726439e+03 4.017401e+03 2.442452e+03 5.903362e+03 1.698385e+03 1000
3.000000e+04 1.828104e+04 3.398954e+03 8.398565e+03 4.982771e+03 1.211379e+04 3.385147e+03 1000
4.000000e+04 3.002391e+04 5.478821e+03 1.416098e+04 7.911312e+03 2.001806e+04 5.482909e+03 1000
5.000000e+04 4.438656e+04 7.642454e+03 2.046376e+04 1.166328e+04 2.969224e+04 8.061803e+03 1000
6.000000e+04 6.070568e+04 9.837677e+03 2.897257e+04 1.569273e+04 4.109585e+04 1.053897e+04 1000
8.000000e+04 9.965118e+04 1.658132e+04 4.818950e+04 2.554477e+04 6.791771e+04 1.734166e+04 1000
1.000000e+05 1.436106e+05 2.442827e+04 6.939265e+04 3.562580e+04 9.730258e+04 2.484616e+04 1000
1.500000e+05 2.797470e+05 4.661318e+04 1.307349e+05 7.360648e+04 1.898006e+05 4.882421e+04 1000
2.000000e+05 4.460421e+05 7.154533e+04 2.201066e+05 1.086714e+05 3.026681e+05 7.710651e+04 1000
3.000000e+05 8.298248e+05 1.215181e+05 4.129331e+05 2.049443e+05 5.686102e+05 1.370089e+05 1000
4.000000e+05 1.271503e+06 1.789966e+05 6.187301e+05 3.268736e+05 8.743181e+05 2.039415e+05 1000
5.000000e+05 1.741070e+06 2.295989e+05 8.377966e+05 4.581947e+05 1.194116e+06 2.800866e+05 1000
6.000000e+05 2.208110e+06 3.096360e+05 1.058353e+06 5.956401e+05 1.506698e+06 3.691665e+05 1000
8.000000e+05 3.193509e+06 4.406148e+05 1.558222e+06 7.874015e+05 2.173857e+06 5.464004e+05 1000
1.000000e+06 4.206344e+06 5.418619e+05 1.980872e+06 1.082605e+06 2.862847e+06 6.875863e+05 1000
1.500000e+06 6.983346e+06 8.917902e+05 3.814189e+06 1.438372e+06 4.658337e+06 1.072314e+06 1000
2.000000e+06 9.715613e+06 1.275850e+06 5.666290e+06 1.911194e+06 6.681765e+06 1.479546e+06 1000
3.000000e+06 1.511990e+07 2.047027e+06 9.447164e+06 2.762766e+06 1.085332e+07 2.184549e+06 1000
4.000000e+06 2.036226e+07 2.758973e+06 1.326715e+07 3.629858e+06 1.496971e+07 2.916304e+06 1000
5.000000e+06 2.544302e+07 3.487017e+06 1.715855e+07 4.457973e+06 1.915398e+07 3.632366e+06 1000
6.000000e+06 3.047483e+07 4.303480e+06 2.099180e+07 5.339648e+06 2.318873e+07 4.469523e+06 1000
8.000000e+06 4.040402e+07 5.730088e+06 2.925138e+07 6.972486e+06 3.178327e+07 6.003519e+06 1000
1.000000e+07 4.986876e+07 7.509294e+06 3.738919e+07 8.528914e+06 4.016493e+07 7.507907e+06 1000
1.500000e+07 7.207642e+07 1.225268e+07 5.691640e+07 1.274955e+07 6.034224e+07 1.166202e+07 1000
2.000000e+07 9.335823e+07 1.691570e+07 7.632467e+07 1.668796e+07 8.017097e+07 1.585386e+07 1000
3.000000e+07 1.308388e+08 2.679889e+07 1.114058e+08 2.554053e+07 1.155335e+08 2.515643e+07 1000
4.000000e+07 1.645699e+08 3.633025e+07 1.431524e+08 3.516891e+07 1.477696e+08 3.451907e+07 1000
5.000000e+07 1.968228e+08 4.782133e+07 1.748426e+08 4.478105e+07 1.791853e+08 4.520153e+07 1000
6.000000e+07 2.232270e+08 5.799132e+07 2.005157e+08 5.453871e+07 2.049270e+08 5.516507e+07 1000
8.000000e+07 2.732562e+08 7.779113e+07 2.506179e+08 7.435371e+07 2.547777e+08 7.517637e+07 1000
1.000000e+08 3.121729e+08 9.770133e+07 2.894293e+08 9.418461e+07 2.932600e+08 9.499880e+07 1000
1.500000e+08 3.987231e+08 1.355184e+08 3.752827e+08 1.313299e+08 3.790162e+08 1.323819e+08 1000
2.000000e+08 4.598444e+08 1.671749e+08 4.356818e+08 1.629762e+08 4.392244e+08 1.634362e+08 1000
3.000000e+08 5.662454e+08 2.148525e+08 5.421060e+08 2.115440e+08 5.450922e+08 2.119022e+08 1000
4.000000e+08 6.346241e+08 2.437804e+08 6.104568e+08 2.405912e+08 6.131976e+08 2.409689e+08 1000
5.000000e+08 6.940149e+08 2.722205e+08 6.688497e+08 2.684236e+08 6.714689e+08 2.687496e+08 1000
6.000000e+08 7.298320e+08 2.948502e+08 7.052234e+08 2.917689e+08 7.076835e+08 2.920021e+08 1000
8.000000e+08 7.650327e+08 3.008711e+08 7.407377e+08 2.975816e+08 7.430626e+08 2.979595e+08 1000
1.000000e+09 8.043399e+08 3.129107e+08 7.800186e+08 3.094486e+08 7.821758e+08 3.097575e+08 1000
