1.000000e+03 7.936770e+01 2.283627e+01 2.675435e+01 1.884993e+01 4.047935e+01 1.521316e+01 1000
1.500000e+03 1.345489e+02 3.379281e+01 5.191749e+01 3.409118e+01 7.620031e+01 2.648858e+01 1000
2.000000e+03 2.011668e+02 4.901343e+01 7.928957e+01 5.558556e+01 1.185889e+02 4.110191e+01 1000
3.000000e+03 3.712951e+02 8.950591e+01 1.573663e+02 1.041709e+02 2.290901e+02 7.838231e+01 1000
4.000000e+03 5.907729e+02 1.397160e+02 2.596394e+02 1.695786e+02 3.753685e+02 1.197355e+02 1000
5.000000e+03 8.540384e+02 1.823293e+02 3.693057e+02 2.422761e+02 5.525508e+02 1.648401e+02 1000
6.000000e+03 1.153741e+03 2.482034e+02 5.123313e+02 3.189050e+02 7.500039e+02 2.309915e+02 1000
8.000000e+03 1.897325e+03 3.900306e+02 8.889053e+02 5.076583e+02 1.254011e+03 3.641510e+02 1000
1.000000e+04 2.784355e+03 5.700341e+02 1.260764e+03 7.480355e+02 1.823378e+03 5.383062e+02 1000
1.500000e+04 5.553178e+03 1.101927e+03 2.701348e+03 1.490455e+03 3.769468e+03 1.037450e+03 1000
2.000000e+04 9.146733e+03 1.725535e+03 4.463495e+03 2.445018e+03 6.213956e+03 1.687723e+03 1000
3.000000e+04 1.835951e+04 3.270023e+03 9.025264e+03 4.722747e+03 1.257980e+04 3.298109e+03 1000
4.000000e+04 3.030107e+04 5.283743e+03 1.478520e+04 7.906726e+03 2.058570e+04 5.542321e+03 1000
5.000000e+04 4.431676e+04 7.737943e+03 2.208393e+04 1.108700e+04 3.042017e+04 8.035606e+03 1000
6.000000e+04 6.046489e+04 1.059194e+04 3.009771e+04 1.535992e+04 4.176422e+04 1.085017e+04 1000
8.000000e+04 9.957944e+04 1.689859e+04 4.897980e+04 2.661314e+04 6.876804e+04 1.773800e+04 1000
1.000000e+05 1.449953e+05 2.436554e+04 7.346389e+04 3.596808e+04 1.006205e+05 2.525465e+04 1000
1.500000e+05 2.817938e+05 4.336136e+04 1.404238e+05 7.223080e+04 1.969426e+05 4.711122e+04 1000
2.000000e+05 4.474978e+05 6.944134e+04 2.245868e+05 1.171296e+05 3.120950e+05 7.569603e+04 1000
3.000000e+05 8.349333e+05 1.190082e+05 4.121290e+05 2.187814e+05 5.726827e+05 1.377178e+05 1000
4.000000e+05 1.265967e+06 1.746287e+05 6.427341e+05 3.128790e+05 8.923030e+05 2.058511e+05 1000
5.000000e+05 1.727687e+06 2.429459e+05 8.922080e+05 4.205404e+05 1.213640e+06 2.755595e+05 1000
6.000000e+05 2.217707e+06 2.994119e+05 1.166901e+06 5.313188e+05 1.569219e+06 3.481594e+05 1000
8.000000e+05 3.203727e+06 4.265629e+05 1.693151e+06 7.749513e+05 2.282221e+06 4.840326e+05 1000
1.000000e+06 4.225974e+06 5.209389e+05 2.227077e+06 1.030421e+06 3.011468e+06 6.568578e+05 1000
1.500000e+06 7.009779e+06 9.395990e+05 4.135782e+06 1.435481e+06 5.015494e+06 1.101755e+06 1000
2.000000e+06 9.735322e+06 1.312327e+06 6.072942e+06 1.904882e+06 7.206962e+06 1.462220e+06 1000
3.000000e+06 1.508833e+07 2.119752e+06 9.839596e+06 2.833182e+06 1.144854e+07 2.241765e+06 1000
4.000000e+06 2.025657e+07 2.931443e+06 1.374392e+07 3.705666e+06 1.569836e+07 3.003657e+06 1000
5.000000e+06 2.541006e+07 3.690253e+06 1.784861e+07 4.540992e+06 2.006371e+07 3.777757e+06 1000
6.000000e+06 3.030096e+07 4.421441e+06 2.177849e+07 5.271880e+06 2.426681e+07 4.468578e+06 1000
8.000000e+06 4.018224e+07 6.240723e+06 2.994874e+07 6.956725e+06 3.294505e+07 6.170442e+06 1000
1.000000e+07 4.985790e+07 7.811234e+06 3.805152e+07 8.843164e+06 4.139999e+07 7.898738e+06 1000
1.500000e+07 7.176827e+07 1.272453e+07 5.791624e+07 1.287391e+07 6.173011e+07 1.208504e+07 1000
2.000000e+07 9.246822e+07 1.782976e+07 7.654869e+07 1.741715e+07 8.089410e+07 1.672100e+07 1000
3.000000e+07 1.304371e+08 2.904897e+07 1.122326e+08 2.742912e+07 1.168089e+08 2.740570e+07 1000
4.000000e+07 1.644522e+08 3.926095e+07 1.449224e+08 3.775001e+07 1.497511e+08 3.762648e+07 1000
5.000000e+07 1.933741e+08 4.950100e+07 1.729261e+08 4.735207e+07 1.778102e+08 4.754278e+07 1000
6.000000e+07 2.234415e+08 5.858652e+07 2.018014e+08 5.626518e+07 2.069489e+08 5.631552e+07 1000
8.000000e+07 2.739197e+08 7.635917e+07 2.509341e+08 7.270011e+07 2.562154e+08 7.313144e+07 1000
1.000000e+08 3.184272e+08 9.482237e+07 2.952414e+08 9.105460e+07 3.004036e+08 9.195764e+07 1000
1.500000e+08 3.964460e+08 1.354849e+08 3.736064e+08 1.306135e+08 3.778994e+08 1.317354e+08 1000
2.000000e+08 4.580667e+08 1.685295e+08 4.345501e+08 1.633406e+08 4.386924e+08 1.645034e+08 1000
3.000000e+08 5.476304e+08 2.055422e+08 5.228706e+08 2.007023e+08 5.270407e+08 2.018725e+08 1000
4.000000e+08 6.171682e+08 2.373683e+08 5.939089e+08 2.336495e+08 5.972978e+08 2.346189e+08 1000
5.000000e+08 6.622254e+08 2.548797e+08 6.392428e+08 2.514696e+08 6.422910e+08 2.521062e+08 1000
6.000000e+08 7.026693e+08 2.786876e+08 6.789860e+08 2.752243e+08 6.821296e+08 2.757815e+08 1000
8.000000e+08 7.456990e+08 2.909290e+08 7.220025e+08 2.869911e+08 7.248913e+08 2.874475e+08 1000
1.000000e+09 7.820885e+08 3.035207e+08 7.591741e+08 3.004126e+08 7.619074e+08 3.007344e+08 1000
