1.000000e+03 6.587397e+01 2.024165e+01 2.344584e+01 1.789365e+01 3.576739e+01 1.327021e+01 1000
1.500000e+03 1.169852e+02 2.961632e+01 4.607816e+01 3.164546e+01 6.823453e+01 2.330918e+01 1000
2.000000e+03 1.759500e+02 4.517527e+01 7.391847e+01 4.907795e+01 1.082201e+02 3.688353e+01 1000
3.000000e+03 3.359689e+02 7.660753e+01 1.432125e+02 9.098002e+01 2.113889e+02 6.743420e+01 1000
4.000000e+03 5.441630e+02 1.175079e+02 2.408169e+02 1.483876e+02 3.490187e+02 1.099805e+02 1000
5.000000e+03 7.894742e+02 1.688687e+02 3.622965e+02 2.124691e+02 5.152552e+02 1.555976e+02 1000
6.000000e+03 1.070007e+03 2.261383e+02 4.761018e+02 2.938912e+02 6.905084e+02 2.107214e+02 1000
8.000000e+03 1.755214e+03 3.407177e+02 8.094135e+02 4.816208e+02 1.159243e+03 3.322635e+02 1000
1.000000e+04 2.577574e+03 5.216466e+02 1.142599e+03 6.892903e+02 1.680272e+03 5.050971e+02 1000
1.500000e+04 5.207142e+03 1.003737e+03 2.397294e+03 1.379275e+03 3.467664e+03 9.772629e+02 1000
2.000000e+04 8.552601e+03 1.595755e+03 3.969916e+03 2.261794e+03 5.671856e+03 1.610785e+03 1000
3.000000e+04 1.754643e+04 3.055183e+03 8.474637e+03 4.635276e+03 1.191649e+04 3.161057e+03 1000
4.000000e+04 2.892495e+04 5.067910e+03 1.407304e+04 7.673947e+03 1.963564e+04 5.309917e+03 1000
5.000000e+04 4.275182e+04 7.112102e+03 2.004596e+04 1.112314e+04 2.866070e+04 7.602273e+03 1000
6.000000e+04 5.866214e+04 9.618924e+03 2.858411e+04 1.534428e+04 3.987859e+04 1.021357e+04 1000
8.000000e+04 9.627583e+04 1.517377e+04 4.607090e+04 2.555454e+04 6.562657e+04 1.676926e+04 1000
1.000000e+05 1.409570e+05 2.173654e+04 6.820512e+04 3.576709e+04 9.505320e+04 2.429925e+04 1000
1.500000e+05 2.775237e+05 4.129044e+04 1.337593e+05 6.851173e+04 1.892056e+05 4.646317e+04 1000
2.000000e+05 4.465124e+05 6.063542e+04 2.152151e+05 1.106897e+05 3.036176e+05 7.095355e+04 1000
3.000000e+05 8.313149e+05 1.189591e+05 4.010559e+05 2.153057e+05 5.651009e+05 1.388618e+05 1000
4.000000e+05 1.261409e+06 1.768784e+05 6.121027e+05 3.147585e+05 8.600346e+05 2.099181e+05 1000
5.000000e+05 1.735492e+06 2.304371e+05 8.314021e+05 4.690085e+05 1.190324e+06 2.846533e+05 1000
6.000000e+05 2.211039e+06 3.081012e+05 1.055687e+06 5.993187e+05 1.503760e+06 3.759636e+05 1000
8.000000e+05 3.191482e+06 4.420784e+05 1.545634e+06 7.951027e+05 2.172121e+06 5.394393e+05 1000
1.000000e+06 4.206458e+06 5.370420e+05 1.993292e+06 1.075884e+06 2.860479e+06 6.943261e+05 1000
1.500000e+06 6.977715e+06 8.854131e+05 3.814232e+06 1.439882e+06 4.653950e+06 1.068568e+06 1000
2.000000e+06 9.714172e+06 1.274885e+06 5.670702e+06 1.902123e+06 6.684138e+06 1.468518e+06 1000
3.000000e+06 1.511789e+07 2.047375e+06 9.437455e+06 2.760449e+06 1.085089e+07 2.177095e+06 1000
4.000000e+06 2.036067e+07 2.758514e+06 1.324941e+07 3.636810e+06 1.494881e+07 2.926257e+06 1000
5.000000e+06 2.543798e+07 3.486492e+06 1.716097e+07 4.464887e+06 1.915779e+07 3.631912e+06 1000
6.000000e+06 3.047624e+07 4.298588e+06 2.097738e+07 5.343526e+06 2.317337e+07 4.478350e+06 1000
8.000000e+06 4.039881e+07 5.729412e+06 2.923682e+07 6.967481e+06 3.176335e+07 5.998490e+06 1000
1.000000e+07 4.986547e+07 7.506906e+06 3.737966e+07 8.529601e+06 4.015231e+07 7.506209e+06 1000
1.500000e+07 7.207736e+07 1.225326e+07 5.693430e+07 1.273863e+07 6.036120e+07 1.165327e+07 1000
2.000000e+07 9.335186e+07 1.690754e+07 7.631597e+07 1.667748e+07 8.016093e+07 1.584125e+07 1000
3.000000e+07 1.308395e+08 2.679959e+07 1.114172e+08 2.553599e+07 1.155490e+08 2.515174e+07 1000
4.000000e+07 1.645660e+08 3.632805e+07 1.431532e+08 3.515916e+07 1.477695e+08 3.451161e+07 1000
5.000000e+07 1.968214e+08 4.782725e+07 1.748451e+08 4.475384e+07 1.791901e+08 4.517329e+07 1000
6.000000e+07 2.232262e+08 5.799437e+07 2.005091e+08 5.452611e+07 2.049214e+08 5.515196e+07 1000
8.000000e+07 2.732544e+08 7.779607e+07 2.506043e+08 7.434877e+07 2.547651e+08 7.517166e+07 1000
1.000000e+08 3.121723e+08 9.770340e+07 2.894338e+08 9.419398e+07 2.932666e+08 9.500924e+07 1000
1.500000e+08 3.987173e+08 1.355164e+08 3.752865e+08 1.313239e+08 3.790185e+08 1.323772e+08 1000
2.000000e+08 4.598428e+08 1.671780e+08 4.356750e+08 1.629664e+08 4.392169e+08 1.634266e+08 1000
3.000000e+08 5.662449e+08 2.148497e+08 5.420988e+08 2.115519e+08 5.450848e+08 2.119117e+08 1000
4.000000e+08 6.346246e+08 2.437827e+08 6.104533e+08 2.405859e+08 6.131958e+08 2.409625e+08 1000
5.000000e+08 6.940131e+08 2.722214e+08 6.688561e+08 2.684224e+08 6.714754e+08 2.687465e+08 1000
6.000000e+08 7.298308e+08 2.948483e+08 7.052074e+08 2.917713e+08 7.076690e+08 2.920040e+08 1000
8.000000e+08 7.650252e+08 3.008739e+08 7.407393e+08 2.975876e+08 7.430623e+08 2.979653e+08 1000
1.000000e+09 8.043324e+08 3.129122e+08 7.800176e+08 3.094434e+08 7.821752e+08 3.097520e+08 1000
