1.000000e+03 8.170092e+01 2.488993e+01 2.784225e+01 2.120364e+01 4.241140e+01 1.579417e+01 1000
1.500000e+03 1.383632e+02 3.623217e+01 5.166847e+01 3.714048e+01 7.787854e+01 2.776707e+01 1000
2.000000e+03 2.073055e+02 5.189583e+01 8.206006e+01 5.871103e+01 1.244745e+02 4.326127e+01 1000
3.000000e+03 3.822165e+02 9.237767e+01 1.584507e+02 1.068535e+02 2.362223e+02 7.940974e+01 1000
4.000000e+03 6.061710e+02 1.446602e+02 2.741981e+02 1.674162e+02 3.889497e+02 1.272197e+02 1000
5.000000e+03 8.588514e+02 2.055598e+02 4.014571e+02 2.445276e+02 5.596006e+02 1.830387e+02 1000
6.000000e+03 1.166538e+03 2.788456e+02 5.577372e+02 3.334447e+02 7.772332e+02 2.457335e+02 1000
8.000000e+03 1.900460e+03 4.215905e+02 9.412345e+02 5.189689e+02 1.308217e+03 3.718039e+02 1000
1.000000e+04 2.746276e+03 5.815369e+02 1.386032e+03 7.527518e+02 1.891087e+03 5.349234e+02 1000
1.500000e+04 5.552848e+03 1.127020e+03 2.812598e+03 1.533107e+03 3.868450e+03 1.101143e+03 1000
2.000000e+04 9.105145e+03 1.712544e+03 4.564760e+03 2.471200e+03 6.296938e+03 1.732066e+03 1000
3.000000e+04 1.830778e+04 3.467478e+03 9.122996e+03 4.825004e+03 1.275410e+04 3.405182e+03 1000
4.000000e+04 3.021951e+04 5.289854e+03 1.553853e+04 8.065581e+03 2.135937e+04 5.418963e+03 1000
5.000000e+04 4.458189e+04 7.930781e+03 2.305934e+04 1.209314e+04 3.153140e+04 8.284345e+03 1000
6.000000e+04 6.069530e+04 1.019572e+04 3.172516e+04 1.598804e+04 4.274310e+04 1.080509e+04 1000
8.000000e+04 9.939525e+04 1.661319e+04 5.110476e+04 2.687483e+04 7.025430e+04 1.771762e+04 1000
1.000000e+05 1.441465e+05 2.428507e+04 7.311133e+04 3.712329e+04 1.015938e+05 2.440563e+04 1000
1.500000e+05 2.829009e+05 4.405908e+04 1.426161e+05 7.429822e+04 1.978076e+05 4.907071e+04 1000
2.000000e+05 4.463871e+05 6.788794e+04 2.188248e+05 1.195192e+05 3.091178e+05 7.833177e+04 1000
3.000000e+05 8.325063e+05 1.231911e+05 4.038144e+05 2.201221e+05 5.728587e+05 1.429783e+05 1000
4.000000e+05 1.271307e+06 1.777988e+05 6.242149e+05 3.331979e+05 8.818837e+05 2.192583e+05 1000
5.000000e+05 1.741213e+06 2.322607e+05 8.276978e+05 4.698704e+05 1.205771e+06 2.842171e+05 1000
6.000000e+05 2.215053e+06 3.124896e+05 1.064809e+06 6.103947e+05 1.519447e+06 3.820383e+05 1000
8.000000e+05 3.195502e+06 4.418251e+05 1.557763e+06 7.972272e+05 2.191715e+06 5.389419e+05 1000
1.000000e+06 4.216340e+06 5.479909e+05 1.946456e+06 1.109667e+06 2.853371e+06 6.892378e+05 1000
1.500000e+06 6.995731e+06 9.189819e+05 4.054884e+06 1.418007e+06 4.891415e+06 1.105360e+06 1000
2.000000e+06 9.713399e+06 1.319186e+06 5.922292e+06 1.901088e+06 6.996463e+06 1.480577e+06 1000
3.000000e+06 1.509317e+07 2.120770e+06 9.782808e+06 2.825643e+06 1.132904e+07 2.250106e+06 1000
4.000000e+06 2.025095e+07 2.930402e+06 1.378082e+07 3.667106e+06 1.566116e+07 3.009576e+06 1000
5.000000e+06 2.540599e+07 3.708343e+06 1.777574e+07 4.552965e+06 1.994787e+07 3.813532e+06 1000
6.000000e+06 3.029895e+07 4.438712e+06 2.172815e+07 5.295635e+06 2.416696e+07 4.551625e+06 1000
8.000000e+06 4.015638e+07 6.229956e+06 2.993861e+07 6.939337e+06 3.288674e+07 6.129456e+06 1000
1.000000e+07 4.983056e+07 7.806104e+06 3.805385e+07 8.820081e+06 4.136048e+07 7.861478e+06 1000
1.500000e+07 7.176351e+07 1.273605e+07 5.779737e+07 1.293401e+07 6.161156e+07 1.215047e+07 1000
2.000000e+07 9.245014e+07 1.785095e+07 7.648703e+07 1.750690e+07 8.079658e+07 1.683018e+07 1000
3.000000e+07 1.304164e+08 2.902203e+07 1.121927e+08 2.746004e+07 1.167507e+08 2.743675e+07 1000
4.000000e+07 1.644324e+08 3.922368e+07 1.449517e+08 3.776063e+07 1.497570e+08 3.762257e+07 1000
5.000000e+07 1.933454e+08 4.951744e+07 1.729029e+08 4.725288e+07 1.777717e+08 4.746448e+07 1000
6.000000e+07 2.234010e+08 5.855562e+07 2.018254e+08 5.624877e+07 2.069506e+08 5.631436e+07 1000
8.000000e+07 2.739034e+08 7.636659e+07 2.508883e+08 7.272593e+07 2.561740e+08 7.318645e+07 1000
1.000000e+08 3.183973e+08 9.485290e+07 2.951631e+08 9.112700e+07 3.003283e+08 9.204520e+07 1000
1.500000e+08 3.964287e+08 1.354784e+08 3.736276e+08 1.306738e+08 3.779104e+08 1.317877e+08 1000
2.000000e+08 4.580607e+08 1.685343e+08 4.345198e+08 1.633903e+08 4.386620e+08 1.645542e+08 1000
3.000000e+08 5.476402e+08 2.055449e+08 5.228537e+08 2.005914e+08 5.270210e+08 2.017523e+08 1000
4.000000e+08 6.171720e+08 2.373751e+08 5.938450e+08 2.336136e+08 5.972230e+08 2.345805e+08 1000
5.000000e+08 6.622124e+08 2.548560e+08 6.391824e+08 2.514094e+08 6.422216e+08 2.520566e+08 1000
6.000000e+08 7.026692e+08 2.786415e+08 6.789769e+08 2.751645e+08 6.821131e+08 2.757292e+08 1000
8.000000e+08 7.456939e+08 2.909171e+08 7.219634e+08 2.869974e+08 7.248523e+08 2.874576e+08 1000
1.000000e+09 7.820729e+08 3.035422e+08 7.591577e+08 3.004506e+08 7.618867e+08 3.007722e+08 1000
