1.000000e+03 5.211090e+01 2.279219e-01 4.383951e+00 7.866860e-02 4.384325e+00 9.050308e-02 1000
1.500000e+03 9.895809e+01 2.532907e-01 8.157275e+00 1.212270e-01 8.157911e+00 1.413299e-01 1000
2.000000e+03 1.578553e+02 2.700123e-01 1.286374e+01 1.657035e-01 1.286463e+01 1.936355e-01 1000
3.000000e+03 3.096256e+02 0.000000e+00 2.486683e+01 4.159190e-02 2.486691e+01 4.435041e-02 1000
4.000000e+03 5.042227e+02 0.000000e+00 4.011850e+01 5.568635e-02 4.011861e+01 5.907089e-02 1000
5.000000e+03 7.394403e+02 1.797029e-04 5.805481e+01 7.015745e-02 5.805493e+01 7.412344e-02 1000
6.000000e+03 1.013585e+03 3.601205e-01 7.885639e+01 5.737593e-02 7.885654e+01 6.186188e-02 1000
8.000000e+03 1.673557e+03 4.364335e-01 1.287722e+02 8.091405e-02 1.287724e+02 8.652224e-02 1000
1.000000e+04 2.475761e+03 5.084176e-01 1.893397e+02 1.050124e-01 1.893399e+02 1.117089e-01 1000
1.500000e+04 5.064651e+03 6.744132e-01 3.851765e+02 1.653399e-01 3.851768e+02 1.746400e-01 1000
2.000000e+04 8.432137e+03 8.249638e-01 6.408098e+02 2.269035e-01 6.408101e+02 2.387083e-01 1000
3.000000e+04 1.793331e+04 1.854333e+03 6.117752e+03 1.586410e+02 6.121835e+03 1.585165e+02 1000
4.000000e+04 2.977350e+04 4.267176e+03 1.619419e+04 1.296897e+03 1.630156e+04 1.300290e+03 1000
5.000000e+04 4.406553e+04 6.878498e+03 2.664985e+04 5.163966e+03 2.786052e+04 4.847650e+03 1000
6.000000e+04 6.071822e+04 9.915250e+03 3.700044e+04 1.007198e+04 4.076211e+04 8.567161e+03 1000
8.000000e+04 9.998603e+04 1.689237e+04 5.963956e+04 2.025095e+04 6.925794e+04 1.613888e+04 1000
1.000000e+05 1.462866e+05 2.522537e+04 8.511340e+04 3.187047e+04 1.019950e+05 2.450194e+04 1000
1.500000e+05 2.848175e+05 4.282127e+04 1.615443e+05 6.266953e+04 1.984442e+05 4.638498e+04 1000
2.000000e+05 4.537450e+05 6.584924e+04 2.557150e+05 1.015071e+05 3.166807e+05 7.455439e+04 1000
3.000000e+05 8.528790e+05 1.241150e+05 4.867878e+05 1.856474e+05 6.012508e+05 1.344079e+05 1000
4.000000e+05 1.298569e+06 1.908813e+05 7.456480e+05 2.798825e+05 9.241982e+05 2.037523e+05 1000
5.000000e+05 1.772680e+06 2.576684e+05 1.017950e+06 3.801468e+05 1.260165e+06 2.804986e+05 1000
6.000000e+05 2.279523e+06 3.229386e+05 1.315580e+06 4.876944e+05 1.626965e+06 3.578888e+05 1000
8.000000e+05 3.322118e+06 4.694079e+05 1.923270e+06 6.904055e+05 2.386078e+06 5.056923e+05 1000
1.000000e+06 4.393246e+06 6.127932e+05 2.577976e+06 9.268805e+05 3.185078e+06 6.676676e+05 1000
1.500000e+06 7.128848e+06 9.715456e+05 4.358665e+06 1.455673e+06 5.267287e+06 1.068072e+06 1000
2.000000e+06 9.867862e+06 1.304297e+06 6.235239e+06 1.919397e+06 7.416583e+06 1.429534e+06 1000
3.000000e+06 1.522594e+07 2.102419e+06 9.968261e+06 2.882707e+06 1.163641e+07 2.288166e+06 1000
4.000000e+06 2.038873e+07 2.844199e+06 1.391301e+07 3.661356e+06 1.590528e+07 2.985164e+06 1000
5.000000e+06 2.552857e+07 3.682447e+06 1.792507e+07 4.559261e+06 2.021028e+07 3.787319e+06 1000
6.000000e+06 3.046422e+07 4.439032e+06 2.185876e+07 5.417383e+06 2.441135e+07 4.616541e+06 1000
8.000000e+06 4.020889e+07 6.305359e+06 2.999649e+07 7.440512e+06 3.302824e+07 6.732163e+06 1000
1.000000e+07 4.982997e+07 7.884495e+06 3.795575e+07 8.907124e+06 4.132138e+07 7.938089e+06 1000
1.500000e+07 7.181222e+07 1.278428e+07 6.263725e+07 6.581185e+07 6.666608e+07 6.623998e+07 1000
2.000000e+07 9.244305e+07 1.790934e+07 8.479906e+07 7.567185e+07 8.976342e+07 7.856151e+07 1000
3.000000e+07 1.303331e+08 2.907869e+07 1.513164e+08 1.963862e+08 1.573446e+08 2.040194e+08 1000
4.000000e+07 1.653082e+08 3.878510e+07 2.188684e+08 2.614004e+08 2.253653e+08 2.647169e+08 1000
5.000000e+07 1.939862e+08 4.929678e+07 2.730278e+08 2.535531e+08 2.803991e+08 2.622992e+08 1000
6.000000e+07 2.232656e+08 5.897390e+07 3.504279e+08 2.672571e+08 3.580179e+08 2.705037e+08 1000
8.000000e+07 2.745711e+08 7.691247e+07 5.192153e+08 3.192934e+08 5.278987e+08 3.198226e+08 1000
1.000000e+08 3.120348e+08 9.277011e+07 7.125749e+08 3.762465e+08 7.252196e+08 3.779976e+08 1000
1.500000e+08 3.889228e+08 1.405456e+08 1.177936e+09 0.000000e+00 1.190157e+09 0.000000e+00 1000
2.000000e+08 4.474105e+08 1.657875e+08 1.699799e+09 0.000000e+00 1.712097e+09 0.000000e+00 1000
3.000000e+08 5.418244e+08 2.082665e+08 2.701751e+09 0.000000e+00 2.717290e+09 0.000000e+00 1000
4.000000e+08 6.100970e+08 2.430123e+08 3.682244e+09 0.000000e+00 3.699067e+09 0.000000e+00 1000
5.000000e+08 6.635144e+08 2.622423e+08 4.630967e+09 0.000000e+00 4.651384e+09 0.000000e+00 1000
6.000000e+08 7.038907e+08 2.834820e+08 5.523303e+09 0.000000e+00 5.541117e+09 0.000000e+00 1000
8.000000e+08 7.845401e+08 3.081777e+08 7.609437e+09 0.000000e+00 7.631381e+09 0.000000e+00 1000
1.000000e+09 8.356047e+08 3.350046e+08 9.585358e+09 0.000000e+00 9.608983e+09 0.000000e+00 1000
