1.000000e+03 9.707050e+01 1.381791e+01 3.073173e+01 2.471466e+01 5.216991e+01 1.697178e+01 5000
1.500000e+03 1.320249e+02 1.578096e+01 4.449226e+01 3.223868e+01 7.130667e+01 2.251287e+01 5000
2.000000e+03 1.624734e+02 1.704523e+01 5.975105e+01 3.908391e+01 9.046714e+01 2.692301e+01 5000
3.000000e+03 2.141794e+02 1.957422e+01 8.680619e+01 4.951181e+01 1.241450e+02 3.408141e+01 5000
4.000000e+03 2.581538e+02 2.063224e+01 1.138036e+02 5.781196e+01 1.544814e+02 3.929037e+01 5000
5.000000e+03 2.975794e+02 2.130385e+01 1.405817e+02 6.389179e+01 1.833839e+02 4.342005e+01 5000
6.000000e+03 3.329294e+02 2.222677e+01 1.656717e+02 6.850097e+01 2.100528e+02 4.695587e+01 5000
8.000000e+03 3.955520e+02 2.344069e+01 2.094090e+02 7.815791e+01 2.570984e+02 5.435550e+01 5000
1.000000e+04 4.497181e+02 2.408057e+01 2.492393e+02 8.731059e+01 2.995571e+02 6.024593e+01 5000
1.500000e+04 5.649084e+02 2.582724e+01 3.479186e+02 9.597914e+01 3.995834e+02 6.703344e+01 5000
2.000000e+04 6.606350e+02 2.650536e+01 4.288568e+02 1.068008e+02 4.810844e+02 7.516046e+01 5000
3.000000e+04 8.235273e+02 2.775993e+01 5.744757e+02 1.175035e+02 6.268159e+02 8.543141e+01 5000
4.000000e+04 9.658759e+02 2.974918e+01 7.108986e+02 1.182472e+02 7.600546e+02 8.973248e+01 5000
5.000000e+04 1.096465e+03 3.137693e+01 8.343837e+02 1.229412e+02 8.816979e+02 9.458953e+01 5000
6.000000e+04 1.222489e+03 3.145255e+01 9.538156e+02 1.293347e+02 9.999931e+02 9.991190e+01 5000
8.000000e+04 1.468031e+03 3.422867e+01 1.189762e+03 1.419537e+02 1.235625e+03 1.054655e+02 5000
1.000000e+05 1.716852e+03 3.637561e+01 1.436871e+03 1.398735e+02 1.478399e+03 1.115441e+02 1000
1.500000e+05 2.365035e+03 4.508299e+01 2.066663e+03 1.628539e+02 2.106919e+03 1.249623e+02 1000
2.000000e+05 3.084393e+03 5.938700e+01 2.783247e+03 1.603379e+02 2.819395e+03 1.366513e+02 1000
3.000000e+05 4.755067e+03 9.198299e+01 4.419502e+03 2.388791e+02 4.461384e+03 1.736942e+02 1000
4.000000e+05 6.731069e+03 1.192511e+02 6.379665e+03 2.548361e+02 6.422132e+03 2.036780e+02 1000
5.000000e+05 9.028278e+03 1.535892e+02 8.661145e+03 2.930203e+02 8.709071e+03 2.369469e+02 1000
6.000000e+05 1.154209e+04 2.158201e+02 1.116394e+04 3.823927e+02 1.121919e+04 2.796055e+02 1000
8.000000e+05 1.749555e+04 2.925660e+02 1.707461e+04 4.831823e+02 1.714789e+04 3.661769e+02 1000
1.000000e+06 2.455291e+04 4.278244e+02 2.407414e+04 7.076431e+02 2.416373e+04 5.736922e+02 1000
1.500000e+06 4.676996e+04 7.851746e+02 4.626771e+04 9.555559e+02 4.633625e+04 8.889458e+02 1000
2.000000e+06 7.518389e+04 1.222470e+03 7.463850e+04 1.441523e+03 7.472457e+04 1.274240e+03 1000
3.000000e+06 1.489606e+05 2.191630e+03 1.483554e+05 2.236187e+03 1.484396e+05 2.227098e+03 1000
4.000000e+06 2.435479e+05 3.777648e+03 2.428368e+05 3.910692e+03 2.429850e+05 3.806389e+03 1000
5.000000e+06 3.585232e+05 5.434817e+03 3.576887e+05 5.479179e+03 3.578706e+05 5.468447e+03 1000
6.000000e+06 4.931104e+05 7.611510e+03 4.919771e+05 9.255885e+03 4.922690e+05 8.549432e+03 1000
8.000000e+06 8.174746e+05 1.215194e+04 8.157001e+05 2.271746e+04 8.164614e+05 1.301399e+04 1000
1.000000e+07 1.214185e+06 1.636092e+04 1.212808e+06 1.658669e+04 1.213225e+06 1.647541e+04 100
1.500000e+07 2.504928e+06 3.868191e+04 2.502811e+06 3.868408e+04 2.503553e+06 3.868003e+04 100
2.000000e+07 4.185171e+06 5.446373e+04 4.181927e+06 5.507951e+04 4.183252e+06 5.468900e+04 100
3.000000e+07 8.687126e+06 1.051878e+05 8.649260e+06 3.426896e+05 8.678936e+06 1.195335e+05 100
4.000000e+07 1.458703e+07 1.841734e+05 1.451462e+07 6.697616e+05 1.451904e+07 6.604710e+05 100
5.000000e+07 2.182296e+07 2.462061e+05 2.181255e+07 2.459168e+05 2.181702e+07 2.465001e+05 100
6.000000e+07 3.025955e+07 3.815423e+05 3.024453e+07 3.792885e+05 3.025129e+07 3.809475e+05 100
8.000000e+07 5.084915e+07 6.160641e+05 5.079752e+07 6.866820e+05 5.081134e+07 6.737677e+05 100
1.000000e+08 7.647643e+07 9.947512e+05 7.644500e+07 9.954120e+05 7.646019e+07 9.939282e+05 10
1.500000e+08 1.582408e+08 1.749355e+06 1.581695e+08 1.723700e+06 1.582062e+08 1.741647e+06 10
2.000000e+08 2.595528e+08 3.147327e+06 2.594648e+08 3.139036e+06 2.595021e+08 3.146189e+06 10
3.000000e+08 5.139678e+08 3.946082e+06 5.138271e+08 3.962577e+06 5.138962e+08 3.946928e+06 10
4.000000e+08 8.284247e+08 8.194538e+06 8.280604e+08 8.282267e+06 8.282738e+08 8.221148e+06 10
5.000000e+08 1.174106e+09 5.787050e+06 1.172752e+09 6.150829e+06 1.173625e+09 5.984226e+06 10
6.000000e+08 1.555998e+09 1.055219e+07 1.554343e+09 1.092906e+07 1.555332e+09 1.072862e+07 10
8.000000e+08 1.571880e+09 3.363595e+07 1.569956e+09 3.410409e+07 1.570979e+09 3.380205e+07 10
1.000000e+09 1.581851e+09 3.755107e+07 1.580401e+09 3.787275e+07 1.581171e+09 3.773389e+07 10
