1.000000e+03 9.707152e+01 1.381750e+01 3.073983e+01 2.472372e+01 5.217707e+01 1.697560e+01 5000
1.500000e+03 1.320253e+02 1.577901e+01 4.450207e+01 3.225181e+01 7.131251e+01 2.252327e+01 5000
2.000000e+03 1.624751e+02 1.704232e+01 5.973923e+01 3.909253e+01 9.046187e+01 2.692428e+01 5000
3.000000e+03 2.141725e+02 1.961228e+01 8.770930e+01 4.936129e+01 1.238346e+02 3.439223e+01 5000
4.000000e+03 2.580731e+02 2.047727e+01 1.129655e+02 5.783003e+01 1.541086e+02 3.900206e+01 5000
5.000000e+03 2.974818e+02 2.150026e+01 1.384740e+02 6.379587e+01 1.821591e+02 4.440493e+01 5000
6.000000e+03 3.330494e+02 2.232294e+01 1.653926e+02 6.899702e+01 2.097761e+02 4.771391e+01 5000
8.000000e+03 3.955695e+02 2.375464e+01 2.078311e+02 7.806576e+01 2.568039e+02 5.372649e+01 5000
1.000000e+04 4.504019e+02 2.390074e+01 2.526750e+02 8.384752e+01 3.024953e+02 5.849257e+01 5000
1.500000e+04 5.650838e+02 2.561170e+01 3.450111e+02 9.735801e+01 3.982614e+02 6.784401e+01 5000
2.000000e+04 6.607827e+02 2.767264e+01 4.291757e+02 1.053228e+02 4.808782e+02 7.617533e+01 5000
3.000000e+04 8.233150e+02 2.856343e+01 5.770062e+02 1.140257e+02 6.273931e+02 8.417475e+01 5000
4.000000e+04 9.649966e+02 2.954853e+01 7.093709e+02 1.196955e+02 7.582193e+02 9.010064e+01 5000
5.000000e+04 1.097507e+03 3.078345e+01 8.353441e+02 1.248386e+02 8.829589e+02 9.609523e+01 5000
6.000000e+04 1.222485e+03 3.219830e+01 9.532027e+02 1.319089e+02 9.993573e+02 1.006941e+02 5000
8.000000e+04 1.467553e+03 3.407708e+01 1.189357e+03 1.386816e+02 1.233661e+03 1.092123e+02 5000
1.000000e+05 1.713797e+03 3.907264e+01 1.430115e+03 1.490328e+02 1.474228e+03 1.193413e+02 1000
1.500000e+05 2.364484e+03 4.775265e+01 2.053883e+03 1.692556e+02 2.098417e+03 1.297385e+02 1000
2.000000e+05 3.083966e+03 5.766575e+01 2.777180e+03 1.832537e+02 2.816055e+03 1.449653e+02 1000
3.000000e+05 4.751511e+03 8.469646e+01 4.425392e+03 2.120554e+02 4.466332e+03 1.565489e+02 1000
4.000000e+05 6.732121e+03 1.241926e+02 6.385683e+03 2.325978e+02 6.428464e+03 1.930827e+02 1000
5.000000e+05 9.014415e+03 1.597915e+02 8.639185e+03 3.252244e+02 8.692182e+03 2.510288e+02 1000
6.000000e+05 1.167006e+04 2.001001e+02 1.129576e+04 3.486985e+02 1.134702e+04 2.709802e+02 1000
8.000000e+05 1.791917e+04 3.215845e+02 1.748149e+04 5.303203e+02 1.755333e+04 4.250552e+02 1000
1.000000e+06 2.538817e+04 4.592920e+02 2.488618e+04 8.414563e+02 2.499556e+04 5.688657e+02 1000
1.500000e+06 4.919635e+04 8.612346e+02 4.866518e+04 1.060048e+03 4.874202e+04 9.798240e+02 1000
2.000000e+06 7.997577e+04 1.314000e+03 7.926349e+04 3.673590e+03 7.942384e+04 1.901806e+03 1000
3.000000e+06 1.609659e+05 2.600412e+03 1.603169e+05 2.749393e+03 1.604186e+05 2.712954e+03 1000
4.000000e+06 2.655529e+05 4.051682e+03 2.642668e+05 1.438524e+04 2.648401e+05 4.603542e+03 1000
5.000000e+06 3.938506e+05 6.211625e+03 3.925248e+05 1.185740e+04 3.929262e+05 8.687802e+03 1000
6.000000e+06 5.440524e+05 8.186660e+03 5.425836e+05 1.577756e+04 5.431395e+05 9.826906e+03 1000
8.000000e+06 9.075740e+05 1.359567e+04 9.030372e+05 5.744271e+04 9.056451e+05 2.205210e+04 1000
1.000000e+07 1.354812e+06 1.697740e+04 1.352098e+06 1.790187e+04 1.352888e+06 1.757055e+04 100
1.500000e+07 2.812718e+06 4.085289e+04 2.798551e+06 1.251195e+05 2.805496e+06 7.138531e+04 100
2.000000e+07 4.722380e+06 7.060406e+04 4.718941e+06 7.075745e+04 4.720296e+06 7.069798e+04 100
3.000000e+07 9.894898e+06 1.206449e+05 9.888502e+06 1.203078e+05 9.890738e+06 1.204452e+05 100
4.000000e+07 1.675794e+07 2.066619e+05 1.666950e+07 7.796456e+05 1.668840e+07 6.396528e+05 100
5.000000e+07 2.532000e+07 3.233431e+05 2.530312e+07 3.214846e+05 2.531016e+07 3.221210e+05 100
6.000000e+07 3.540907e+07 3.998367e+05 3.539051e+07 4.024707e+05 3.539861e+07 4.007923e+05 100
8.000000e+07 6.040455e+07 7.239662e+05 6.037301e+07 7.238340e+05 6.038658e+07 7.242564e+05 100
1.000000e+08 8.936195e+07 1.308111e+06 8.932085e+07 1.320491e+06 8.934317e+07 1.310219e+06 10
1.500000e+08 1.707809e+08 2.044244e+06 1.707066e+08 2.044146e+06 1.707414e+08 2.052835e+06 10
2.000000e+08 2.724107e+08 3.359710e+06 2.723094e+08 3.329030e+06 2.723555e+08 3.341175e+06 10
3.000000e+08 5.267430e+08 3.440494e+06 5.265697e+08 3.477834e+06 5.266613e+08 3.451556e+06 10
4.000000e+08 8.412515e+08 7.968396e+06 8.408426e+08 8.077329e+06 8.410697e+08 8.001839e+06 10
5.000000e+08 1.187057e+09 5.949876e+06 1.185695e+09 6.194439e+06 1.186581e+09 6.095885e+06 10
6.000000e+08 1.568841e+09 1.062105e+07 1.567129e+09 1.095714e+07 1.568142e+09 1.078488e+07 10
8.000000e+08 1.584862e+09 3.362450e+07 1.582830e+09 3.396588e+07 1.583904e+09 3.369063e+07 10
1.000000e+09 1.594589e+09 3.787987e+07 1.593074e+09 3.815536e+07 1.593882e+09 3.802179e+07 10
