1.000000e+03 1.495641e+02 1.692226e+00 4.885125e+00 3.262480e-02 4.885992e+00 2.873931e-02 5000
1.500000e+03 1.833207e+02 1.694800e+00 1.039859e+01 1.470161e-01 1.039909e+01 1.118138e-01 5000
2.000000e+03 2.116911e+02 1.451589e+00 1.781082e+01 8.610526e-02 1.781121e+01 1.139766e-01 5000
3.000000e+03 2.592432e+02 3.539272e-01 3.805236e+01 5.296506e-02 3.805315e+01 3.215533e-03 5000
4.000000e+03 2.993223e+02 0.000000e+00 6.476029e+01 0.000000e+00 6.476029e+01 0.000000e+00 5000
5.000000e+03 3.346258e+02 4.812594e-05 9.616422e+01 2.357680e-05 9.616422e+01 2.357680e-05 5000
6.000000e+03 3.665447e+02 1.985283e-04 1.301798e+02 0.000000e+00 1.301798e+02 0.000000e+00 5000
8.000000e+03 4.232209e+02 5.444828e-05 1.999098e+02 0.000000e+00 1.999098e+02 0.000000e+00 5000
1.000000e+04 5.003307e+02 8.994850e+01 1.673240e+02 7.392714e+01 2.372955e+02 3.889026e+01 5000
1.500000e+04 6.234468e+02 9.694647e+01 3.081281e+02 9.699241e+01 3.877008e+02 4.107595e+01 5000
2.000000e+04 7.206383e+02 1.019120e+02 4.393776e+02 1.034766e+02 5.145628e+02 4.021671e+01 5000
3.000000e+04 9.012723e+02 1.089398e+02 7.929789e+02 5.340894e+01 8.123773e+02 2.976087e+01 5000
4.000000e+04 1.051423e+03 1.147475e+02 9.487350e+02 5.102214e+01 9.643468e+02 3.141227e+01 5000
5.000000e+04 1.189336e+03 1.195367e+02 1.089733e+03 4.989918e+01 1.102943e+03 3.335237e+01 5000
6.000000e+04 1.320486e+03 1.235386e+02 1.222453e+03 4.974673e+01 1.234016e+03 3.549141e+01 5000
8.000000e+04 1.572644e+03 1.305616e+02 1.475641e+03 5.069790e+01 1.485156e+03 3.948230e+01 5000
1.000000e+05 1.816505e+03 1.322377e+02 1.722701e+03 6.333582e+01 1.731245e+03 4.188229e+01 1000
1.500000e+05 2.470639e+03 1.449645e+02 2.373954e+03 6.924258e+01 2.381440e+03 4.992245e+01 1000
2.000000e+05 3.200612e+03 1.594683e+02 3.098600e+03 7.622160e+01 3.106005e+03 5.707738e+01 1000
3.000000e+05 4.895507e+03 1.800520e+02 4.786620e+03 9.486818e+01 4.794739e+03 7.419952e+01 1000
4.000000e+05 6.907525e+03 1.992797e+02 6.789149e+03 1.136742e+02 6.798463e+03 8.889153e+01 1000
5.000000e+05 9.226888e+03 2.160190e+02 9.101237e+03 1.350680e+02 9.112079e+03 1.053805e+02 1000
6.000000e+05 1.184751e+04 2.298743e+02 1.171704e+04 1.589062e+02 1.172964e+04 1.237548e+02 1000
8.000000e+05 1.796891e+04 2.597720e+02 1.782663e+04 2.082067e+02 1.784336e+04 1.583234e+02 1000
1.000000e+06 2.521149e+04 2.863456e+02 2.505796e+04 2.617336e+02 2.507964e+04 1.926117e+02 1000
1.500000e+06 4.794010e+04 3.375222e+02 4.776418e+04 4.022290e+02 4.780114e+04 2.643569e+02 1000
2.000000e+06 7.671899e+04 6.159894e+02 7.648171e+04 7.097512e+02 7.653676e+04 5.811126e+02 1000
3.000000e+06 1.517822e+05 1.647436e+03 1.514589e+05 1.741776e+03 1.515613e+05 1.656404e+03 1000
4.000000e+06 2.486070e+05 2.910710e+03 2.480964e+05 2.942223e+03 2.482639e+05 2.898342e+03 1000
5.000000e+06 3.661669e+05 4.462073e+03 3.654903e+05 4.529158e+03 3.657402e+05 4.466663e+03 1000
6.000000e+06 5.035039e+05 6.316784e+03 5.025818e+05 6.524408e+03 5.029297e+05 6.434695e+03 1000
8.000000e+06 8.356173e+05 1.083410e+04 8.341194e+05 1.150753e+04 8.347245e+05 1.120889e+04 1000
1.000000e+07 1.239619e+06 1.432176e+04 1.238084e+06 1.449504e+04 1.238734e+06 1.434230e+04 100
1.500000e+07 2.559232e+06 2.804801e+04 2.556388e+06 2.827865e+04 2.557585e+06 2.805376e+04 100
2.000000e+07 4.288705e+06 4.521957e+04 4.284019e+06 4.552374e+04 4.285961e+06 4.522354e+04 100
3.000000e+07 8.918484e+06 9.180629e+04 8.908695e+06 9.269163e+04 8.912621e+06 9.215514e+04 100
4.000000e+07 1.497977e+07 1.516599e+05 1.496344e+07 1.535010e+05 1.496989e+07 1.526702e+05 100
5.000000e+07 2.240369e+07 2.242838e+05 2.237970e+07 2.268420e+05 2.238920e+07 2.256698e+05 100
6.000000e+07 3.110592e+07 3.087629e+05 3.107299e+07 3.120618e+05 3.108606e+07 3.105372e+05 100
8.000000e+07 5.212306e+07 5.076947e+05 5.206874e+07 5.130852e+05 5.209025e+07 5.107347e+05 100
1.000000e+08 7.794359e+07 8.870739e+05 7.786484e+07 8.764081e+05 7.789462e+07 8.884107e+05 10
1.500000e+08 1.581772e+08 1.454167e+06 1.579954e+08 1.482397e+06 1.580931e+08 1.461157e+06 10
2.000000e+08 2.603777e+08 2.742262e+06 2.600772e+08 2.783492e+06 2.602158e+08 2.745236e+06 10
3.000000e+08 5.166826e+08 4.379855e+06 5.162798e+08 4.421014e+06 5.164449e+08 4.335035e+06 10
4.000000e+08 8.253198e+08 7.944290e+06 8.242534e+08 7.964866e+06 8.248155e+08 7.982048e+06 10
5.000000e+08 1.177890e+09 8.019359e+06 1.175954e+09 8.380717e+06 1.176859e+09 8.162627e+06 10
6.000000e+08 1.559449e+09 1.598363e+07 1.557254e+09 1.593654e+07 1.558497e+09 1.607123e+07 10
8.000000e+08 2.385941e+09 2.617784e+07 2.382743e+09 2.615633e+07 2.384496e+09 2.590593e+07 10
1.000000e+09 3.266351e+09 2.345502e+07 3.262942e+09 2.228412e+07 3.264637e+09 2.299601e+07 10
