1.000000e+03 9.707050e+01 1.381791e+01 3.073173e+01 2.471466e+01 5.216991e+01 1.697178e+01 5000
1.500000e+03 1.320249e+02 1.578096e+01 4.449226e+01 3.223868e+01 7.130667e+01 2.251287e+01 5000
2.000000e+03 1.624734e+02 1.704523e+01 5.975105e+01 3.908391e+01 9.046714e+01 2.692301e+01 5000
3.000000e+03 2.141794e+02 1.957422e+01 8.680619e+01 4.951181e+01 1.241450e+02 3.408141e+01 5000
4.000000e+03 2.579528e+02 2.022038e+01 1.136494e+02 5.707233e+01 1.541169e+02 3.887470e+01 5000
5.000000e+03 2.978341e+02 2.153692e+01 1.398765e+02 6.296498e+01 1.833747e+02 4.327728e+01 5000
6.000000e+03 3.326868e+02 2.255193e+01 1.616764e+02 6.987412e+01 2.079527e+02 4.778077e+01 5000
8.000000e+03 3.951647e+02 2.336257e+01 2.099134e+02 7.880014e+01 2.577152e+02 5.431482e+01 5000
1.000000e+04 4.495530e+02 2.411894e+01 2.490576e+02 8.629428e+01 2.999080e+02 5.990426e+01 5000
1.500000e+04 5.649288e+02 2.572940e+01 3.446231e+02 9.801759e+01 3.975282e+02 6.752768e+01 5000
2.000000e+04 6.612476e+02 2.632735e+01 4.312132e+02 1.031526e+02 4.833918e+02 7.341445e+01 5000
3.000000e+04 8.232303e+02 2.819547e+01 5.777757e+02 1.145776e+02 6.283961e+02 8.360100e+01 5000
4.000000e+04 9.657276e+02 2.962297e+01 7.095265e+02 1.199199e+02 7.591538e+02 9.058810e+01 5000
5.000000e+04 1.097013e+03 3.052459e+01 8.334974e+02 1.291392e+02 8.821496e+02 9.557834e+01 5000
6.000000e+04 1.222804e+03 3.149202e+01 9.543271e+02 1.296212e+02 1.001832e+03 9.715458e+01 5000
8.000000e+04 1.468423e+03 3.398460e+01 1.192962e+03 1.379749e+02 1.237812e+03 1.074415e+02 5000
1.000000e+05 1.712177e+03 3.736790e+01 1.426721e+03 1.414950e+02 1.468260e+03 1.126548e+02 1000
1.500000e+05 2.364963e+03 4.431996e+01 2.070959e+03 1.563654e+02 2.110596e+03 1.220151e+02 1000
2.000000e+05 3.085098e+03 5.688739e+01 2.780721e+03 1.666741e+02 2.817166e+03 1.421478e+02 1000
3.000000e+05 4.749303e+03 8.601288e+01 4.415322e+03 2.442975e+02 4.459415e+03 1.743490e+02 1000
4.000000e+05 6.731384e+03 1.162205e+02 6.389353e+03 2.683215e+02 6.433531e+03 1.907852e+02 1000
5.000000e+05 9.023503e+03 1.587732e+02 8.635492e+03 4.039693e+02 8.694614e+03 2.664273e+02 1000
6.000000e+05 1.154539e+04 2.132840e+02 1.116562e+04 3.799427e+02 1.121965e+04 2.737150e+02 1000
8.000000e+05 1.748678e+04 3.043892e+02 1.706492e+04 4.663261e+02 1.713555e+04 3.650318e+02 1000
1.000000e+06 2.455047e+04 4.098812e+02 2.408553e+04 6.042332e+02 2.417070e+04 5.100877e+02 1000
1.500000e+06 4.675209e+04 7.966637e+02 4.621629e+04 1.144729e+03 4.628971e+04 9.854688e+02 1000
2.000000e+06 7.518232e+04 1.243665e+03 7.462692e+04 1.465260e+03 7.471433e+04 1.315157e+03 1000
3.000000e+06 1.489348e+05 2.230330e+03 1.483473e+05 2.259377e+03 1.484313e+05 2.247162e+03 1000
4.000000e+06 2.435247e+05 3.761850e+03 2.428173e+05 3.903709e+03 2.429632e+05 3.799884e+03 1000
5.000000e+06 3.584886e+05 5.417592e+03 3.575745e+05 5.928481e+03 3.577673e+05 5.779297e+03 1000
6.000000e+06 4.931416e+05 7.489689e+03 4.919869e+05 9.219190e+03 4.922833e+05 8.478954e+03 1000
8.000000e+06 8.174818e+05 1.215406e+04 8.156778e+05 2.269641e+04 8.164349e+05 1.301315e+04 1000
1.000000e+07 1.214116e+06 1.646031e+04 1.212703e+06 1.661242e+04 1.213114e+06 1.651697e+04 100
1.500000e+07 2.505179e+06 3.856783e+04 2.503108e+06 3.861113e+04 2.503854e+06 3.860204e+04 100
2.000000e+07 4.184797e+06 5.493525e+04 4.181507e+06 5.559771e+04 4.182832e+06 5.521564e+04 100
3.000000e+07 8.685781e+06 1.043120e+05 8.648010e+06 3.423030e+05 8.677680e+06 1.186807e+05 100
4.000000e+07 1.458768e+07 1.838875e+05 1.451536e+07 6.697590e+05 1.451979e+07 6.604580e+05 100
5.000000e+07 2.182273e+07 2.465892e+05 2.181240e+07 2.462486e+05 2.181685e+07 2.468349e+05 100
6.000000e+07 3.025962e+07 3.823245e+05 3.024468e+07 3.800328e+05 3.025142e+07 3.816985e+05 100
8.000000e+07 5.084968e+07 6.166230e+05 5.079802e+07 6.872338e+05 5.081186e+07 6.743340e+05 100
1.000000e+08 7.647614e+07 9.942476e+05 7.644466e+07 9.949831e+05 7.645983e+07 9.935357e+05 10
1.500000e+08 1.582402e+08 1.747172e+06 1.581689e+08 1.721471e+06 1.582056e+08 1.739394e+06 10
2.000000e+08 2.595520e+08 3.147110e+06 2.594640e+08 3.138638e+06 2.595013e+08 3.145806e+06 10
3.000000e+08 5.139671e+08 3.946376e+06 5.138266e+08 3.962772e+06 5.138957e+08 3.947119e+06 10
4.000000e+08 8.284237e+08 8.195338e+06 8.280596e+08 8.283128e+06 8.282730e+08 8.222032e+06 10
5.000000e+08 1.174106e+09 5.786735e+06 1.172752e+09 6.150526e+06 1.173625e+09 5.983891e+06 10
6.000000e+08 1.555998e+09 1.055177e+07 1.554343e+09 1.092843e+07 1.555332e+09 1.072798e+07 10
8.000000e+08 1.571880e+09 3.363611e+07 1.569956e+09 3.410446e+07 1.570979e+09 3.380242e+07 10
1.000000e+09 1.581851e+09 3.754986e+07 1.580402e+09 3.787204e+07 1.581171e+09 3.773309e+07 10
