1.000000e+03 9.707050e+01 1.381791e+01 3.073173e+01 2.471466e+01 5.216991e+01 1.697178e+01 5000
1.500000e+03 1.320249e+02 1.578096e+01 4.449226e+01 3.223868e+01 7.130667e+01 2.251287e+01 5000
2.000000e+03 1.624734e+02 1.704523e+01 5.975105e+01 3.908391e+01 9.046714e+01 2.692301e+01 5000
3.000000e+03 2.141794e+02 1.957422e+01 8.680619e+01 4.951181e+01 1.241450e+02 3.408141e+01 5000
4.000000e+03 2.581538e+02 2.063224e+01 1.138036e+02 5.781196e+01 1.544814e+02 3.929037e+01 5000
5.000000e+03 2.975794e+02 2.130385e+01 1.405817e+02 6.389179e+01 1.833839e+02 4.342005e+01 5000
6.000000e+03 3.329294e+02 2.222677e+01 1.656717e+02 6.850097e+01 2.100528e+02 4.695587e+01 5000
8.000000e+03 3.955520e+02 2.344069e+01 2.094090e+02 7.815791e+01 2.570984e+02 5.435550e+01 5000
1.000000e+04 4.497181e+02 2.408057e+01 2.492393e+02 8.731059e+01 2.995571e+02 6.024593e+01 5000
1.500000e+04 5.646980e+02 2.544088e+01 3.479431e+02 9.666759e+01 3.994376e+02 6.773421e+01 5000
2.000000e+04 6.609085e+02 2.671254e+01 4.312525e+02 1.064239e+02 4.826303e+02 7.468709e+01 5000
3.000000e+04 8.235838e+02 2.871237e+01 5.736342e+02 1.170648e+02 6.260579e+02 8.505317e+01 5000
4.000000e+04 9.656137e+02 2.950240e+01 7.094095e+02 1.222023e+02 7.592180e+02 9.055040e+01 5000
5.000000e+04 1.097288e+03 3.046813e+01 8.311828e+02 1.262929e+02 8.809176e+02 9.450834e+01 5000
6.000000e+04 1.223370e+03 3.207893e+01 9.548308e+02 1.324764e+02 1.001447e+03 1.017832e+02 5000
8.000000e+04 1.468132e+03 3.466948e+01 1.190339e+03 1.415788e+02 1.235604e+03 1.068544e+02 5000
1.000000e+05 1.712695e+03 3.748475e+01 1.431255e+03 1.483709e+02 1.474530e+03 1.107909e+02 1000
1.500000e+05 2.365294e+03 4.633396e+01 2.072796e+03 1.592877e+02 2.110459e+03 1.268836e+02 1000
2.000000e+05 3.082802e+03 5.774603e+01 2.772693e+03 1.701883e+02 2.812065e+03 1.358054e+02 1000
3.000000e+05 4.748228e+03 8.687267e+01 4.415992e+03 2.260239e+02 4.458539e+03 1.624741e+02 1000
4.000000e+05 6.730246e+03 1.248351e+02 6.362353e+03 2.797274e+02 6.411553e+03 2.164892e+02 1000
5.000000e+05 9.024135e+03 1.622017e+02 8.644856e+03 3.706978e+02 8.701290e+03 2.572348e+02 1000
6.000000e+05 1.154552e+04 2.094946e+02 1.115880e+04 4.099926e+02 1.121620e+04 2.946448e+02 1000
8.000000e+05 1.748879e+04 2.952845e+02 1.705959e+04 4.709944e+02 1.713241e+04 3.657039e+02 1000
1.000000e+06 2.454886e+04 4.155968e+02 2.408968e+04 5.189149e+02 2.416898e+04 4.723770e+02 1000
1.500000e+06 4.672682e+04 7.837142e+02 4.622811e+04 9.027926e+02 4.629231e+04 8.645581e+02 1000
2.000000e+06 7.516963e+04 1.229697e+03 7.461171e+04 1.436850e+03 7.469795e+04 1.283562e+03 1000
3.000000e+06 1.489844e+05 2.221718e+03 1.483723e+05 2.279505e+03 1.484580e+05 2.267845e+03 1000
4.000000e+06 2.435295e+05 3.808940e+03 2.428089e+05 3.927821e+03 2.429575e+05 3.835035e+03 1000
5.000000e+06 3.585126e+05 5.448972e+03 3.576377e+05 5.986947e+03 3.578291e+05 5.830299e+03 1000
6.000000e+06 4.931062e+05 7.499631e+03 4.919421e+05 9.228694e+03 4.922397e+05 8.469512e+03 1000
8.000000e+06 8.175319e+05 1.220780e+04 8.157649e+05 2.272276e+04 8.165213e+05 1.306461e+04 1000
1.000000e+07 1.214352e+06 1.592814e+04 1.212948e+06 1.610769e+04 1.213375e+06 1.600409e+04 100
1.500000e+07 2.504705e+06 3.847464e+04 2.502596e+06 3.850136e+04 2.503336e+06 3.850161e+04 100
2.000000e+07 4.185685e+06 5.445129e+04 4.182506e+06 5.513939e+04 4.183825e+06 5.474121e+04 100
3.000000e+07 8.685573e+06 1.046439e+05 8.647830e+06 3.423564e+05 8.677489e+06 1.189282e+05 100
4.000000e+07 1.458751e+07 1.838495e+05 1.451512e+07 6.698658e+05 1.451956e+07 6.606081e+05 100
5.000000e+07 2.182218e+07 2.462809e+05 2.181181e+07 2.459913e+05 2.181626e+07 2.465684e+05 100
6.000000e+07 3.026010e+07 3.819203e+05 3.024501e+07 3.797246e+05 3.025176e+07 3.813959e+05 100
8.000000e+07 5.084952e+07 6.159942e+05 5.079780e+07 6.867066e+05 5.081163e+07 6.737874e+05 100
1.000000e+08 7.647630e+07 9.943357e+05 7.644478e+07 9.951661e+05 7.645995e+07 9.937237e+05 10
1.500000e+08 1.582420e+08 1.749967e+06 1.581707e+08 1.724058e+06 1.582074e+08 1.742090e+06 10
2.000000e+08 2.595523e+08 3.145887e+06 2.594644e+08 3.137404e+06 2.595016e+08 3.144566e+06 10
3.000000e+08 5.139669e+08 3.946380e+06 5.138262e+08 3.962878e+06 5.138952e+08 3.947233e+06 10
4.000000e+08 8.284250e+08 8.194330e+06 8.280608e+08 8.282186e+06 8.282742e+08 8.221083e+06 10
5.000000e+08 1.174107e+09 5.785948e+06 1.172752e+09 6.149655e+06 1.173626e+09 5.983091e+06 10
6.000000e+08 1.555998e+09 1.055177e+07 1.554343e+09 1.092847e+07 1.555332e+09 1.072803e+07 10
8.000000e+08 1.571880e+09 3.363547e+07 1.569957e+09 3.410373e+07 1.570980e+09 3.380166e+07 10
1.000000e+09 1.581850e+09 3.755014e+07 1.580401e+09 3.787175e+07 1.581170e+09 3.773291e+07 10
